4
12
3 8 56 10
0 22 18 17 21 25
22 0 20 24 22 15
18 20 0 18 16 25
17 24 18 0 21 25
21 22 16 21 0 17
25 15 25 25 17 0
