4
12
29 143 120 62
0 20 22 19 17 16
20 0 22 18 23 18
22 22 0 19 22 18
19 18 19 0 17 23
17 23 22 17 0 23
16 18 18 23 23 0
