4
12
46 25 28 39
0 20 15 21 22 23
20 0 22 18 24 15
15 22 0 22 19 24
21 18 22 0 16 21
22 24 19 16 0 15
23 15 24 21 15 0
