4
4
134 107 78 94
0 19 17 23 25 19
19 0 16 15 18 21
17 16 0 21 19 23
23 15 21 0 20 25
25 18 19 20 0 25
19 21 23 25 25 0
