4
10
62 67 26 93
0 23 25 17 15 25
23 0 22 16 21 18
25 22 0 22 18 24
17 16 22 0 23 22
15 21 18 23 0 15
25 18 24 22 15 0
