4
18
157 126 58 42 5 8 90 89 60 82 36 24 46 58 28 5 29 101
105 98 77 144 27 111 122 44 7 29 85 87 96 147 93 153 63 70
24 76 89 12 21 141 17 132 8 36 84 36 95 137 33 122 137 42
68 71 158 75 111 12 1 83 128 151 18 52 85 104 89 130 98 124
0 17 25 18 20 22
17 0 19 18 23 22
25 19 0 21 16 21
18 18 21 0 16 19
20 23 16 16 0 24
22 22 21 19 24 0
