4
12
42 63 86 105
0 23 24 20 18 21
23 0 15 20 15 17
24 15 0 22 17 22
20 20 22 0 25 25
18 15 17 25 0 18
21 17 22 25 18 0
