4
22
38 7 4 22 22 13 20 22 15 29 30 16 5 15 2 4 20 24 18 19 18 39
25 24 26 18 13 3 30 36 25 7 28 15 14 9 29 10 3 15 8 32 38 35
26 6 17 22 25 27 18 39 21 18 38 12 11 3 38 27 19 25 33 10 32 38
23 12 27 24 1 16 2 6 9 37 19 6 10 38 3 3 3 35 24 20 11 38
0 20 15 25 15 23
20 0 25 19 22 17
15 25 0 24 16 24
25 19 24 0 22 24
15 22 16 22 0 17
23 17 24 24 17 0
