4
4
74 11 63 34
5 1 19 76
61 48 41 3
35 63 26 53
0 23 23 25 16 18
23 0 24 23 19 25
23 24 0 24 25 16
25 23 24 0 21 20
16 19 25 21 0 16
18 25 16 20 16 0
