4
16
54 62 26 60
0 25 16 20 19 24
25 0 22 22 20 16
16 22 0 21 24 22
20 22 21 0 16 19
19 20 24 16 0 25
24 16 22 19 25 0
