4
5
2 61 15 98
0 21 17 25 15 17
21 0 16 23 18 17
17 16 0 17 15 25
25 23 17 0 15 17
15 18 15 15 0 18
17 17 25 17 18 0
