4
4
80 33 46 68
0 15 22 18 25 15
15 0 17 16 20 22
22 17 0 18 21 23
18 16 18 0 16 24
25 20 21 16 0 18
15 22 23 24 18 0
