4
22
98 68 101 71 112 120 66 65 19 99 52 98 82 90 62 8 79 15 116 7 52 62
47 55 48 7 93 11 81 29 107 38 4 106 66 72 103 47 112 2 38 35 47 108
30 4 47 99 102 102 93 87 88 113 80 29 21 81 66 42 62 79 32 60 52 59
53 68 62 45 104 101 7 19 10 109 30 64 25 49 38 47 23 2 22 40 86 9
0 15 25 19 25 16
15 0 21 20 24 15
25 21 0 23 25 15
19 20 23 0 17 23
25 24 25 17 0 16
16 15 15 23 16 0
