4
13
44 54 71 58
0 16 22 25 16 15
16 0 18 20 23 16
22 18 0 22 20 15
25 20 22 0 22 21
16 23 20 22 0 22
15 16 15 21 22 0
