4
10
117 16 38 90 59 58 18 42 14 20
105 87 87 77 28 92 86 53 104 49
31 52 84 10 65 41 99 36 49 100
114 58 110 13 12 5 63 45 37 18
0 15 19 22 16 22
15 0 16 17 20 23
19 16 0 18 24 16
22 17 18 0 15 23
16 20 24 15 0 21
22 23 16 23 21 0
