4
6
8 2 18 16
0 18 17 16 25 23
18 0 16 24 21 15
17 16 0 15 16 18
16 24 15 0 18 23
25 21 16 18 0 24
23 15 18 23 24 0
