4
4
58 111 72 110
0 22 22 23 24 18
22 0 17 23 22 25
22 17 0 24 17 16
23 23 24 0 22 19
24 22 17 22 0 17
18 25 16 19 17 0
