4
11
7 2 18 2
0 23 15 25 18 15
23 0 23 18 21 25
15 23 0 21 19 15
25 18 21 0 17 18
18 21 19 17 0 24
15 25 15 18 24 0
