4
13
7 6 1 23
0 19 18 16 23 16
19 0 15 25 15 16
18 15 0 21 24 24
16 25 21 0 25 18
23 15 24 25 0 23
16 16 24 18 23 0
