4
24
50 1 88 94 112 52 120 22 89 3 84 38 30 6 81 18 15 70 87 62 94 109 109 16
69 10 58 17 84 53 18 44 100 100 75 9 10 37 77 34 43 100 116 108 10 38 6 41
66 1 84 83 118 65 34 83 30 2 103 3 32 95 27 37 64 69 87 50 23 79 103 44
100 81 70 116 27 101 107 9 90 106 71 17 46 54 68 19 51 20 42 71 91 117 107 81
0 17 22 16 15 24
17 0 18 24 16 16
22 18 0 15 20 17
16 24 15 0 19 19
15 16 20 19 0 21
24 16 17 19 21 0
