4
10
54 37 37 66 29 57 59 68 57 71
44 56 29 10 72 60 34 26 61 80
6 33 15 21 68 18 16 18 45 48
74 47 80 30 30 51 58 61 7 20
0 15 20 19 20 19
15 0 15 17 21 16
20 15 0 19 23 15
19 17 19 0 17 17
20 21 23 17 0 24
19 16 15 17 24 0
