4
13
89 101 71 80
0 15 22 23 20 19
15 0 18 24 20 23
22 18 0 21 15 23
23 24 21 0 24 25
20 20 15 24 0 21
19 23 23 25 21 0
