4
14
30 14 5 39 8 25 30 22 8 32 6 9 15 38
2 3 15 7 9 39 34 19 12 27 38 27 15 37
40 16 6 24 13 38 14 40 33 31 17 19 14 34
30 34 13 34 19 3 31 10 9 27 33 17 7 31
0 20 16 25 16 19
20 0 22 25 16 24
16 22 0 16 21 19
25 25 16 0 15 23
16 16 21 15 0 22
19 24 19 23 22 0
