4
8
11 95 151 155 5 58 132 83
123 75 112 97 6 43 133 155
96 97 102 28 150 125 140 66
158 36 145 37 36 98 143 40
0 24 21 23 17 24
24 0 21 20 24 23
21 21 0 23 18 18
23 20 23 0 19 21
17 24 18 19 0 25
24 23 18 21 25 0
