4
6
141 86 34 88 40 74
111 65 146 16 135 71
94 150 25 94 3 132
3 25 127 96 7 88
0 25 22 15 15 18
25 0 20 16 17 20
22 20 0 17 24 16
15 16 17 0 22 20
15 17 24 22 0 16
18 20 16 20 16 0
