4
20
51 32 17 15 133 78 114 13 150 66 57 145 63 77 81 141 128 33 85 42
153 159 151 67 43 46 50 21 78 8 16 124 28 14 137 152 142 7 124 20
30 143 4 23 136 145 65 45 85 60 37 32 136 133 39 25 156 101 131 115
146 157 10 120 122 142 90 27 157 45 104 26 19 5 51 34 18 144 63 29
0 20 18 17 24 19
20 0 25 25 24 20
18 25 0 25 17 25
17 25 25 0 19 17
24 24 17 19 0 17
19 20 25 17 17 0
