4
16
33 16 13 38 30 6 21 14 15 17 21 24 11 7 21 20
9 19 19 19 14 13 33 33 8 28 14 13 2 7 1 29
25 26 39 28 25 35 25 6 1 2 26 23 19 39 14 9
25 27 37 21 31 17 23 28 18 18 25 18 33 33 23 4
0 20 23 18 23 18
20 0 20 20 23 19
23 20 0 17 23 24
18 20 17 0 16 15
23 23 23 16 0 25
18 19 24 15 25 0
