4
20
33 67 80 23 72 66 16 68 45 69 35 61 73 27 10 78 1 17 61 6
30 57 19 7 65 27 41 39 72 6 56 22 74 25 50 8 59 68 64 48
36 54 27 53 78 24 48 25 16 19 7 12 39 40 49 36 70 78 54 14
62 54 14 73 24 28 53 60 62 24 65 65 5 59 75 47 67 25 13 5
0 23 23 17 23 20
23 0 20 23 19 19
23 20 0 20 22 18
17 23 20 0 16 15
23 19 22 16 0 15
20 19 18 15 15 0
