4
10
96 150 71 125
0 19 16 22 19 15
19 0 24 17 20 25
16 24 0 19 20 20
22 17 19 0 19 19
19 20 20 19 0 24
15 25 20 19 24 0
