4
15
160 127 44 61
0 21 15 17 23 25
21 0 25 21 23 15
15 25 0 22 24 16
17 21 22 0 24 20
23 23 24 24 0 20
25 15 16 20 20 0
