4
13
29 34 1 31
0 16 19 21 19 20
16 0 19 19 16 16
19 19 0 15 23 22
21 19 15 0 22 20
19 16 23 22 0 16
20 16 22 20 16 0
