4
12
30 12 43 55
0 20 16 23 15 21
20 0 24 22 18 15
16 24 0 16 16 17
23 22 16 0 19 21
15 18 16 19 0 15
21 15 17 21 15 0
