4
16
40 4 3 21
0 17 24 23 25 20
17 0 15 20 16 18
24 15 0 15 20 22
23 20 15 0 19 25
25 16 20 19 0 23
20 18 22 25 23 0
