4
16
8 67 50 46
0 16 22 17 24 17
16 0 20 23 25 16
22 20 0 20 18 23
17 23 20 0 25 19
24 25 18 25 0 22
17 16 23 19 22 0
