4
8
64 110 35 47 82 115 32 89
61 99 43 11 69 41 29 87
72 11 120 20 45 106 13 45
41 29 25 9 111 43 78 115
0 24 21 25 16 16
24 0 24 20 25 21
21 24 0 15 18 20
25 20 15 0 19 21
16 25 18 19 0 16
16 21 20 21 16 0
