4
5
71 10 45 77
0 24 19 16 23 20
24 0 21 21 15 15
19 21 0 16 22 25
16 21 16 0 18 20
23 15 22 18 0 16
20 15 25 20 16 0
