4
14
3 14 2 10
0 24 19 15 22 17
24 0 15 22 19 22
19 15 0 22 18 18
15 22 22 0 25 16
22 19 18 25 0 19
17 22 18 16 19 0
