4
4
4 6 6 24
0 17 25 19 19 24
17 0 18 24 15 24
25 18 0 25 17 21
19 24 25 0 25 21
19 15 17 25 0 23
24 24 21 21 23 0
