4
12
19 25 70 14 36 43 70 42 16 47 2 36
50 12 64 66 79 9 26 33 24 72 11 40
4 36 54 77 56 42 58 27 45 25 77 62
74 75 38 5 39 14 37 44 3 75 34 61
0 24 15 15 23 16
24 0 15 19 22 18
15 15 0 25 21 19
15 19 25 0 15 23
23 22 21 15 0 20
16 18 19 23 20 0
