4
12
11 78 34 18 45 9 20 54 43 27 39 43
10 74 22 60 80 1 29 19 75 60 7 72
42 12 10 53 61 11 52 36 43 18 1 3
19 65 29 12 19 44 1 45 79 72 21 40
0 23 17 23 22 21
23 0 25 22 20 23
17 25 0 23 19 25
23 22 23 0 18 23
22 20 19 18 0 23
21 23 25 23 23 0
