4
4
93 121 124 73
0 21 18 22 15 21
21 0 25 19 18 25
18 25 0 18 15 19
22 19 18 0 19 20
15 18 15 19 0 25
21 25 19 20 25 0
