4
16
100 80 3 88
0 19 23 17 18 20
19 0 19 22 22 19
23 19 0 15 16 24
17 22 15 0 19 25
18 22 16 19 0 22
20 19 24 25 22 0
