4
16
15 84 150 12
0 20 24 17 23 25
20 0 23 23 19 21
24 23 0 19 24 22
17 23 19 0 17 24
23 19 24 17 0 22
25 21 22 24 22 0
