4
15
68 18 29 69
0 21 19 25 18 24
21 0 17 23 22 19
19 17 0 16 23 15
25 23 16 0 17 18
18 22 23 17 0 16
24 19 15 18 16 0
