4
13
130 8 54 109
0 25 25 20 16 19
25 0 17 23 19 24
25 17 0 16 17 23
20 23 16 0 19 24
16 19 17 19 0 19
19 24 23 24 19 0
