4
10
76 67 35 6
0 21 25 18 20 18
21 0 16 23 17 17
25 16 0 25 19 24
18 23 25 0 18 17
20 17 19 18 0 22
18 17 24 17 22 0
