4
26
91 21 39 106 93 114 87 69 3 85 56 99 4 63 81 117 113 112 62 112 53 80 65 98 33 79
1 45 88 91 106 25 4 41 99 86 40 105 118 23 17 87 62 116 73 50 74 58 37 43 5 3
9 41 114 92 63 65 119 39 29 32 59 51 117 16 82 78 53 58 57 81 106 94 109 42 1 34
36 105 87 48 19 104 55 120 105 26 105 106 10 15 68 24 86 69 7 20 102 115 83 14 29 37
0 22 15 17 21 24
22 0 23 23 15 20
15 23 0 23 19 19
17 23 23 0 23 17
21 15 19 23 0 20
24 20 19 17 20 0
