4
13
98 68 101 71
0 23 23 17 21 25
23 0 22 15 24 16
23 22 0 15 21 22
17 15 15 0 20 21
21 24 21 20 0 20
25 16 22 21 20 0
