4
26
31 50 39 107 27 112 16 95 105 4 73 67 75 37 144 7 141 23 30 15 62 69 95 122 7 156
112 116 125 24 87 145 102 112 46 55 61 40 83 19 8 152 128 152 33 53 104 78 123 27 113 122
71 4 148 127 101 65 79 150 122 87 40 71 113 133 101 103 123 119 19 16 29 109 126 67 98 129
120 59 81 42 14 58 80 145 83 7 23 96 4 114 86 158 112 88 81 57 103 118 13 94 17 149
0 17 18 22 23 18
17 0 19 25 15 17
18 19 0 23 17 20
22 25 23 0 22 15
23 15 17 22 0 18
18 17 20 15 18 0
