4
8
149 51 53 52 11 50 116 104
91 74 67 116 158 108 73 149
27 4 126 55 121 19 116 142
97 95 16 26 35 78 9 48
0 19 19 17 24 24
19 0 18 25 16 17
19 18 0 18 22 17
17 25 18 0 17 17
24 16 22 17 0 18
24 17 17 17 18 0
