4
6
85 15 6 73 21 1
129 46 64 69 111 94
144 69 139 20 148 105
126 100 89 102 63 101
0 17 16 23 22 18
17 0 23 19 17 22
16 23 0 24 20 23
23 19 24 0 17 15
22 17 20 17 0 24
18 22 23 15 24 0
