4
10
5 13 22 9 78 45 42 71 54 60
55 73 57 67 42 72 71 57 19 53
51 9 54 37 19 26 19 40 28 65
27 14 13 50 80 9 34 78 48 6
0 16 16 18 15 17
16 0 18 18 19 17
16 18 0 22 25 16
18 18 22 0 20 25
15 19 25 20 0 19
17 17 16 25 19 0
