4
18
101 44 115 63 133 51 160 50 6 125 98 9 70 99 57 122 105 76
84 65 82 62 7 149 55 103 128 122 16 24 48 88 128 140 64 53
130 59 43 137 72 65 153 5 21 22 44 109 139 48 156 129 20 90
160 17 82 51 114 73 115 2 153 25 53 112 55 22 126 103 67 62
0 20 19 24 19 19
20 0 20 17 23 16
19 20 0 24 20 24
24 17 24 0 21 16
19 23 20 21 0 18
19 16 24 16 18 0
