4
4
74 11 63 34
0 15 15 17 25 24
15 0 22 20 20 15
15 22 0 19 22 18
17 20 19 0 21 23
25 20 22 21 0 23
24 15 18 23 23 0
