4
5
9 16 2 40
0 22 17 16 25 20
22 0 16 18 19 15
17 16 0 20 24 17
16 18 20 0 23 25
25 19 24 23 0 21
20 15 17 25 21 0
