4
10
31 52 66 47
0 17 22 15 17 20
17 0 25 23 19 25
22 25 0 25 24 23
15 23 25 0 19 16
17 19 24 19 0 16
20 25 23 16 16 0
