4
12
11 76 23 88 87 21 52 59 109 101 96 57
60 59 106 33 32 25 78 108 48 103 63 28
102 28 50 97 12 99 107 12 103 88 58 90
70 83 39 50 72 101 106 45 49 94 101 84
0 23 21 17 20 17
23 0 21 25 20 23
21 21 0 18 19 15
17 25 18 0 23 15
20 20 19 23 0 21
17 23 15 15 21 0
