4
8
144 3 122 134 78 139 108 60
25 96 159 18 87 66 147 54
6 147 54 14 149 143 36 99
8 40 99 64 48 25 158 51
0 23 18 22 17 21
23 0 17 25 16 18
18 17 0 23 25 17
22 25 23 0 18 17
17 16 25 18 0 17
21 18 17 17 17 0
