4
18
34 2 38 31 12 37 30 1 18 36 1 22 27 16 18 33 23 40
31 35 12 11 23 24 37 15 39 35 17 31 35 31 17 31 18 27
11 34 15 24 3 39 36 32 35 37 29 2 7 2 19 2 21 37
36 40 30 26 26 24 12 37 30 25 34 13 18 5 31 3 22 21
0 16 15 19 25 24
16 0 25 25 15 20
15 25 0 19 20 18
19 25 19 0 24 15
25 15 20 24 0 15
24 20 18 15 15 0
