4
4
12 134 31 131
52 101 89 136
75 150 38 153
67 28 67 106
0 20 19 16 20 19
20 0 15 24 24 18
19 15 0 16 18 16
16 24 16 0 23 22
20 24 18 23 0 21
19 18 16 22 21 0
