4
8
54 67 73 71
0 23 24 19 25 16
23 0 24 23 22 17
24 24 0 16 24 25
19 23 16 0 25 20
25 22 24 25 0 15
16 17 25 20 15 0
