4
8
79 110 114 28 59 65 92 62
120 92 67 47 94 59 94 4
110 119 5 117 22 45 96 17
34 113 96 8 22 7 47 30
0 22 18 18 17 17
22 0 20 23 25 20
18 20 0 23 25 21
18 23 23 0 15 20
17 25 25 15 0 19
17 20 21 20 19 0
