4
14
73 46 95 31
0 15 20 25 23 25
15 0 24 20 24 24
20 24 0 25 25 17
25 20 25 0 21 21
23 24 25 21 0 24
25 24 17 21 24 0
