4
5
26 27 56 77
0 23 15 17 22 15
23 0 25 24 23 17
15 25 0 25 21 18
17 24 25 0 21 18
22 23 21 21 0 15
15 17 18 18 15 0
