4
6
71 10 45 77 78 37
12 66 45 51 54 3
5 14 57 29 45 11
64 43 78 70 54 26
0 22 17 18 21 21
22 0 25 25 24 23
17 25 0 18 23 25
18 25 18 0 21 19
21 24 23 21 0 19
21 23 25 19 19 0
