4
6
11 27 27 19 31 14
31 33 12 33 34 16
1 1 24 38 28 5
10 15 15 3 28 27
0 24 22 15 20 23
24 0 22 16 25 20
22 22 0 15 17 16
15 16 15 0 16 15
20 25 17 16 0 22
23 20 16 15 22 0
