4
9
62 47 43 54
0 21 17 23 21 16
21 0 23 24 20 20
17 23 0 22 25 15
23 24 22 0 17 20
21 20 25 17 0 21
16 20 15 20 21 0
