4
10
116 150 112 117 11 132 122 89 26 82
22 65 71 128 90 156 125 69 105 8
97 139 147 119 51 34 51 37 78 127
153 44 119 5 79 158 16 18 15 70
0 20 18 15 16 21
20 0 16 19 20 23
18 16 0 25 16 25
15 19 25 0 22 19
16 20 16 22 0 19
21 23 25 19 19 0
