4
4
42 20 51 7
0 16 23 16 20 24
16 0 15 23 18 15
23 15 0 16 21 21
16 23 16 0 16 18
20 18 21 16 0 16
24 15 21 18 16 0
