4
26
5 13 30 5 35 15 7 28 34 9 2 21 17 35 16 7 9 27 23 13 27 17 25 26 19 7
11 27 35 26 40 33 19 6 4 4 4 30 26 18 6 12 33 29 37 32 5 29 24 35 35 2
26 15 25 2 29 21 15 32 2 30 38 17 34 7 7 36 33 27 11 13 17 17 24 3 35 9
11 39 22 7 20 28 19 30 19 38 27 30 5 30 35 20 5 1 14 2 4 10 22 10 16 33
0 15 18 19 21 22
15 0 21 22 17 19
18 21 0 20 15 20
19 22 20 0 25 23
21 17 15 25 0 21
22 19 20 23 21 0
