4
12
34 14 36 11
0 18 25 24 22 15
18 0 22 22 15 22
25 22 0 15 22 24
24 22 15 0 16 24
22 15 22 16 0 22
15 22 24 24 22 0
