4
20
8 33 22 26 12 38 23 34 32 35 14 28 31 1 18 8 22 4 15 4
28 27 33 24 30 19 19 20 13 2 40 19 12 30 5 13 10 10 27 30
20 1 26 38 19 24 2 35 2 38 14 4 40 29 36 25 12 34 35 19
39 8 40 8 25 2 35 19 19 9 8 3 33 12 12 15 31 8 2 2
0 16 22 25 15 23
16 0 18 23 15 16
22 18 0 17 22 16
25 23 17 0 17 24
15 15 22 17 0 24
23 16 16 24 24 0
