4
6
25 22 15 11
0 21 24 19 23 19
21 0 21 24 15 18
24 21 0 25 15 22
19 24 25 0 17 17
23 15 15 17 0 20
19 18 22 17 20 0
