4
22
72 60 114 120 98 23 39 72 35 68 116 29 4 40 20 119 59 70 86 96 120 77
27 120 28 104 109 63 65 72 36 85 42 72 45 105 113 72 30 94 28 34 92 24
37 98 56 101 104 109 84 46 120 12 75 43 67 92 12 65 70 43 50 108 40 65
26 95 28 20 79 109 14 37 116 11 117 110 47 19 89 84 91 102 48 86 62 64
0 22 17 15 22 25
22 0 15 24 16 18
17 15 0 21 17 20
15 24 21 0 24 23
22 16 17 24 0 21
25 18 20 23 21 0
