4
18
12 3 2 15 10 16 6 27 32 9 37 9 6 38 19 28 7 18
39 32 25 37 8 19 19 24 30 11 28 20 6 16 39 21 13 35
31 14 39 15 3 33 31 13 37 23 17 17 37 25 23 40 9 35
33 34 5 7 10 29 2 10 29 11 24 37 23 2 19 3 2 30
0 22 15 23 22 23
22 0 25 18 17 22
15 25 0 15 17 23
23 18 15 0 25 22
22 17 17 25 0 22
23 22 23 22 22 0
