4
8
137 132 139 33
0 22 15 17 15 24
22 0 16 25 19 18
15 16 0 15 24 23
17 25 15 0 24 18
15 19 24 24 0 25
24 18 23 18 25 0
