4
6
15 17 70 77 23 29
17 60 54 27 28 19
51 21 17 78 25 26
4 53 31 9 13 54
0 20 17 17 23 23
20 0 25 19 24 18
17 25 0 25 22 17
17 19 25 0 18 15
23 24 22 18 0 19
23 18 17 15 19 0
