4
15
36 16 30 112
0 16 16 19 19 17
16 0 21 17 23 16
16 21 0 20 19 20
19 17 20 0 20 25
19 23 19 20 0 16
17 16 20 25 16 0
