4
12
19 3 32 1 34 21 13 30 32 36 24 39
10 35 17 34 30 26 22 39 15 9 31 3
33 3 10 3 32 34 19 35 7 1 16 13
28 9 19 8 18 8 7 35 5 30 36 2
0 17 22 15 24 25
17 0 25 17 23 24
22 25 0 24 18 17
15 17 24 0 19 17
24 23 18 19 0 20
25 24 17 17 20 0
