4
4
16 38 35 9
0 20 24 22 25 24
20 0 16 24 15 22
24 16 0 19 23 18
22 24 19 0 18 22
25 15 23 18 0 23
24 22 18 22 23 0
