4
4
60 79 48 35
18 24 1 44
65 60 78 11
43 71 79 6
0 21 17 22 21 17
21 0 17 18 15 16
17 17 0 17 23 24
22 18 17 0 16 21
21 15 23 16 0 16
17 16 24 21 16 0
