4
11
34 2 38 31
0 17 24 22 15 19
17 0 25 23 15 25
24 25 0 20 21 18
22 23 20 0 19 23
15 15 21 19 0 20
19 25 18 23 20 0
