4
10
6 14 38 26
0 25 17 24 23 17
25 0 20 19 17 25
17 20 0 21 15 25
24 19 21 0 24 21
23 17 15 24 0 17
17 25 25 21 17 0
