4
11
63 10 5 34
0 21 24 24 24 23
21 0 20 21 18 23
24 20 0 23 20 25
24 21 23 0 24 18
24 18 20 24 0 18
23 23 25 18 18 0
