4
20
56 128 108 150 50 104 12 110 153 77 71 24 32 27 142 92 105 95 141 118
104 20 26 145 59 76 41 111 20 51 34 93 35 106 90 89 90 87 1 4
3 141 120 153 145 56 151 85 147 56 14 106 37 106 153 149 88 128 56 159
27 124 81 77 85 115 150 74 85 4 84 84 149 89 155 5 136 48 19 122
0 19 20 15 22 25
19 0 19 24 19 16
20 19 0 18 19 24
15 24 18 0 24 20
22 19 19 24 0 19
25 16 24 20 19 0
