4
7
10 15 53 60
0 21 19 24 21 22
21 0 24 19 18 25
19 24 0 15 25 17
24 19 15 0 19 15
21 18 25 19 0 17
22 25 17 15 17 0
