4
4
9 37 5 17
0 16 22 22 22 25
16 0 21 18 16 22
22 21 0 15 21 21
22 18 15 0 24 15
22 16 21 24 0 22
25 22 21 15 22 0
