4
24
56 62 13 69 64 60 29 67 24 13 26 30 17 26 75 42 1 66 39 42 36 43 12 14
11 78 38 29 40 3 69 18 39 69 77 47 15 62 40 39 13 10 27 14 77 19 65 47
55 46 55 1 67 14 44 31 71 34 12 29 64 68 46 68 75 22 63 60 9 60 11 33
59 39 60 48 53 35 40 49 39 73 20 17 42 30 3 22 80 11 21 1 70 35 78 26
0 20 19 20 23 20
20 0 21 15 21 22
19 21 0 23 16 16
20 15 23 0 17 18
23 21 16 17 0 16
20 22 16 18 16 0
