4
6
79 110 114 28
0 22 23 22 23 20
22 0 22 15 15 17
23 22 0 20 17 19
22 15 20 0 15 17
23 15 17 15 0 15
20 17 19 17 15 0
