4
6
10 17 7 21 37 11
2 27 27 5 7 9
21 31 38 29 27 14
13 21 22 22 28 6
0 25 23 22 21 16
25 0 18 24 18 15
23 18 0 18 16 16
22 24 18 0 18 19
21 18 16 18 0 19
16 15 16 19 19 0
