4
4
134 107 78 94
75 45 139 72
29 7 64 99
108 65 129 82
0 25 25 21 17 23
25 0 15 17 18 17
25 15 0 23 23 25
21 17 23 0 18 20
17 18 23 18 0 23
23 17 25 20 23 0
