4
11
91 53 109 112
0 25 18 20 19 20
25 0 24 16 22 22
18 24 0 24 16 22
20 16 24 0 16 21
19 22 16 16 0 19
20 22 22 21 19 0
