4
24
26 6 38 14 9 27 31 22 7 37 11 21 27 5 29 5 30 34 23 10 13 15 19 16
14 11 20 29 25 14 21 18 9 26 34 39 3 9 37 36 29 29 26 24 34 5 29 29
21 12 30 19 1 29 33 10 29 33 26 26 24 27 2 40 19 13 5 9 35 38 29 40
3 30 38 37 36 24 24 20 28 8 26 23 34 17 24 30 19 14 12 35 25 13 11 25
0 23 24 17 22 20
23 0 15 18 16 18
24 15 0 22 22 19
17 18 22 0 18 25
22 16 22 18 0 21
20 18 19 25 21 0
