4
12
26 79 14 42 25 29 60 45 75 29 49 69
69 29 76 77 74 60 78 56 16 1 72 10
56 61 80 58 62 29 29 17 54 15 45 21
2 49 73 19 65 71 30 6 59 43 21 8
0 19 16 21 17 17
19 0 20 21 23 17
16 20 0 18 18 20
21 21 18 0 25 17
17 23 18 25 0 19
17 17 20 17 19 0
