4
8
30 38 34 3 16 19 14 9
23 18 29 2 34 9 4 13
40 30 4 12 39 21 8 17
21 10 33 34 7 27 4 21
0 20 18 17 19 17
20 0 23 19 19 22
18 23 0 17 24 18
17 19 17 0 22 21
19 19 24 22 0 23
17 22 18 21 23 0
