4
13
45 61 76 20
0 24 15 24 23 18
24 0 22 22 17 24
15 22 0 22 20 18
24 22 22 0 20 18
23 17 20 20 0 19
18 24 18 18 19 0
