4
22
89 101 71 80 3 123 131 90 66 62 147 87 137 97 7 134 147 101 127 130 60 127
38 154 134 81 97 82 112 96 5 98 49 77 72 76 24 12 6 141 151 143 144 33
43 110 14 147 25 11 137 122 146 18 4 81 46 36 147 17 103 26 45 27 142 156
130 100 66 38 130 100 99 111 124 12 114 14 9 114 158 130 69 76 77 56 142 87
0 15 20 19 24 18
15 0 21 18 19 19
20 21 0 21 18 20
19 18 21 0 15 21
24 19 18 15 0 16
18 19 20 21 16 0
