4
10
49 25 77 66 110 9 38 103 49 121
97 140 3 61 45 89 109 87 105 48
45 93 94 14 53 26 50 37 120 75
38 153 135 66 43 129 100 22 130 1
0 16 22 25 20 18
16 0 21 16 21 21
22 21 0 18 25 25
25 16 18 0 17 15
20 21 25 17 0 24
18 21 25 15 24 0
