4
9
36 30 59 58
0 23 15 16 18 23
23 0 22 19 24 23
15 22 0 16 18 22
16 19 16 0 23 19
18 24 18 23 0 21
23 23 22 19 21 0
