4
9
62 107 86 75
0 24 19 22 21 25
24 0 17 20 18 23
19 17 0 22 15 21
22 20 22 0 24 18
21 18 15 24 0 22
25 23 21 18 22 0
