4
18
18 18 80 43 9 21 73 37 11 45 6 28 53 40 69 55 20 37
43 10 5 2 57 5 51 17 57 77 25 60 75 29 50 50 44 58
58 62 45 64 75 19 44 74 14 32 22 4 23 43 58 47 63 17
75 54 42 4 17 48 55 40 10 9 17 57 35 59 77 44 73 69
0 22 16 16 19 16
22 0 25 22 21 22
16 25 0 17 22 23
16 22 17 0 23 22
19 21 22 23 0 15
16 22 23 22 15 0
