4
4
16 38 35 9
24 39 31 38
5 39 1 31
17 36 15 13
0 22 23 23 22 21
22 0 25 17 18 25
23 25 0 17 23 21
23 17 17 0 15 25
22 18 23 15 0 16
21 25 21 25 16 0
