4
10
65 84 51 62 50 30 75 122 143 157
61 38 143 129 1 72 8 128 45 49
130 100 47 85 83 31 23 142 67 137
121 53 58 50 19 21 52 144 113 153
0 23 16 16 18 20
23 0 16 16 24 22
16 16 0 16 23 16
16 16 16 0 19 22
18 24 23 19 0 25
20 22 16 22 25 0
