4
8
24 51 39 78 21 48 78 23
91 121 139 99 100 129 104 82
110 137 11 66 11 60 132 4
147 119 58 14 97 60 23 129
0 25 21 18 18 18
25 0 21 17 19 20
21 21 0 15 16 21
18 17 15 0 19 20
18 19 16 19 0 20
18 20 21 20 20 0
