4
4
34 38 88 117
88 103 109 114
24 84 30 86
19 112 29 83
0 17 17 16 23 18
17 0 19 15 21 17
17 19 0 25 24 15
16 15 25 0 19 17
23 21 24 19 0 16
18 17 15 17 16 0
