4
24
36 68 26 8 74 73 33 73 80 59 33 59 45 54 23 18 30 39 71 20 51 39 49 34
79 27 29 79 69 19 71 52 32 7 75 63 48 29 70 20 28 4 4 38 75 5 28 33
68 61 45 47 70 32 70 51 23 55 62 4 49 5 11 69 12 17 32 19 62 67 72 45
50 23 36 69 57 5 40 59 4 23 25 5 58 32 47 13 17 31 58 60 18 55 40 34
0 17 20 16 20 15
17 0 17 18 22 17
20 17 0 22 19 18
16 18 22 0 18 21
20 22 19 18 0 22
15 17 18 21 22 0
