4
14
73 51 30 138 29 86 141 75 73 87 124 16 141 142
37 40 11 73 45 125 151 63 43 47 38 136 56 37
110 4 52 135 85 156 64 71 154 60 65 106 95 141
50 123 88 48 153 158 104 147 114 80 49 135 35 158
0 20 23 19 23 23
20 0 25 24 17 15
23 25 0 25 16 21
19 24 25 0 24 19
23 17 16 24 0 15
23 15 21 19 15 0
