4
16
6 80 75 73 13 4 4 35 26 53 30 39 40 49 8 41
38 69 16 49 14 12 76 48 45 3 61 23 78 48 49 37
15 65 16 33 80 13 33 48 68 8 34 27 55 37 56 26
5 33 21 74 78 32 29 57 26 52 19 11 58 70 29 13
0 19 24 25 18 21
19 0 24 21 16 24
24 24 0 23 24 21
25 21 23 0 15 22
18 16 24 15 0 16
21 24 21 22 16 0
