4
14
38 13 35 23 30 4 33 14 39 15 19 32 14 22
29 5 17 13 11 6 29 35 24 13 31 21 16 26
28 14 5 28 30 20 14 8 40 22 18 26 25 15
28 5 26 27 1 30 14 35 7 23 2 24 24 1
0 19 24 17 15 21
19 0 17 19 16 17
24 17 0 21 25 20
17 19 21 0 25 24
15 16 25 25 0 22
21 17 20 24 22 0
