4
12
33 67 80 23
0 23 23 16 23 20
23 0 23 19 22 24
23 23 0 18 16 24
16 19 18 0 15 17
23 22 16 15 0 22
20 24 24 17 22 0
