4
9
17 11 50 36
0 21 18 16 19 18
21 0 17 18 20 18
18 17 0 16 18 16
16 18 16 0 23 21
19 20 18 23 0 16
18 18 16 21 16 0
