4
18
27 106 119 102 49 63 107 27 57 66 1 114 58 34 101 51 55 84
82 75 89 7 91 98 98 58 68 104 113 8 98 50 95 70 53 92
58 60 116 77 10 34 110 38 22 97 5 46 87 96 39 14 87 72
97 62 24 5 113 66 35 98 29 106 22 8 73 42 118 71 13 51
0 22 16 24 18 21
22 0 23 19 15 25
16 23 0 15 20 25
24 19 15 0 18 17
18 15 20 18 0 16
21 25 25 17 16 0
