4
14
54 48 124 122
0 15 21 16 24 15
15 0 19 20 23 22
21 19 0 17 22 21
16 20 17 0 19 22
24 23 22 19 0 17
15 22 21 22 17 0
