4
9
47 80 26 93
0 19 15 19 20 15
19 0 24 22 23 24
15 24 0 20 24 23
19 22 20 0 17 24
20 23 24 17 0 25
15 24 23 24 25 0
