4
22
29 34 1 31 10 35 51 34 45 39 35 15 14 4 66 64 61 45 15 32 34 6
41 52 27 66 61 76 10 26 7 23 71 25 44 43 74 34 40 15 74 30 1 68
61 35 29 50 65 21 31 36 79 6 60 53 23 56 77 5 62 42 7 80 55 33
24 1 71 12 13 3 12 54 50 79 79 62 29 41 71 61 10 20 48 69 68 77
0 25 23 21 21 20
25 0 23 16 18 20
23 23 0 18 22 15
21 16 18 0 15 16
21 18 22 15 0 19
20 20 15 16 19 0
