4
16
53 20 53 8 115 22 115 6 40 16 109 100 102 107 70 4
32 58 34 26 103 58 22 85 74 52 32 89 85 99 109 64
107 117 112 115 80 103 69 113 101 105 80 72 102 48 49 117
76 114 43 26 89 102 9 71 6 78 106 103 46 87 68 86
0 16 24 17 20 16
16 0 19 19 20 17
24 19 0 25 15 22
17 19 25 0 18 16
20 20 15 18 0 22
16 17 22 16 22 0
