4
16
57 85 49 94
0 24 24 22 18 21
24 0 22 16 19 18
24 22 0 22 21 18
22 16 22 0 23 24
18 19 21 23 0 17
21 18 18 24 17 0
