4
16
27 25 38 30
0 16 20 16 17 20
16 0 19 19 24 17
20 19 0 18 18 21
16 19 18 0 18 16
17 24 18 18 0 20
20 17 21 16 20 0
