4
14
31 73 13 44 86 32 81 80 7 20 67 68 87 67
38 75 9 69 108 101 115 48 44 91 14 107 12 115
102 60 51 15 77 97 119 68 39 114 48 68 112 96
87 118 56 80 59 30 62 81 104 29 111 106 43 73
0 19 25 16 16 17
19 0 24 25 25 19
25 24 0 20 17 23
16 25 20 0 18 22
16 25 17 18 0 20
17 19 23 22 20 0
