4
6
117 18 57 72
0 19 22 22 21 18
19 0 22 20 24 21
22 22 0 18 18 15
22 20 18 0 22 23
21 24 18 22 0 22
18 21 15 23 22 0
