4
7
95 119 100 52
0 19 15 21 18 19
19 0 19 22 22 18
15 19 0 16 20 19
21 22 16 0 18 20
18 22 20 18 0 23
19 18 19 20 23 0
