4
9
30 14 5 39
0 16 25 21 22 20
16 0 25 16 22 16
25 25 0 17 18 24
21 16 17 0 15 15
22 22 18 15 0 18
20 16 24 15 18 0
