4
26
44 34 111 8 110 75 119 53 65 91 62 112 116 101 30 34 45 47 63 79 113 10 34 55 50 77
88 4 50 100 50 85 36 95 37 93 3 84 49 39 15 15 90 93 76 96 96 39 32 39 30 55
110 21 79 107 98 55 1 37 107 30 75 48 84 84 115 11 80 26 40 100 78 120 1 102 46 113
116 11 13 18 92 74 109 19 93 7 40 10 62 84 52 16 10 22 8 8 7 52 102 89 96 9
0 21 19 21 21 17
21 0 23 25 23 25
19 23 0 15 15 23
21 25 15 0 15 22
21 23 15 15 0 16
17 25 23 22 16 0
