4
11
149 129 139 74
0 25 21 23 23 21
25 0 24 19 18 25
21 24 0 15 24 15
23 19 15 0 23 16
23 18 24 23 0 17
21 25 15 16 17 0
