4
20
46 25 28 39 109 46 95 7 119 51 60 72 57 106 27 74 95 90 108 7
57 114 39 74 113 13 105 55 1 68 18 107 29 68 57 35 45 44 16 32
101 53 91 7 81 62 91 55 75 58 82 62 70 42 39 1 112 51 119 4
111 52 84 94 117 55 110 60 80 120 54 2 54 43 74 18 96 58 80 49
0 21 17 17 24 19
21 0 19 18 22 19
17 19 0 18 17 19
17 18 18 0 16 23
24 22 17 16 0 25
19 19 19 23 25 0
