4
20
7 20 17 30 32 39 25 8 6 27 26 1 38 13 10 20 21 8 29 39
5 36 8 6 24 4 19 3 22 8 36 34 13 29 6 8 3 13 18 6
13 3 29 15 26 4 10 25 21 4 30 9 39 22 22 11 40 7 25 26
21 6 26 29 36 20 22 17 25 21 13 22 3 13 18 17 15 6 33 34
0 23 25 16 18 20
23 0 15 18 25 18
25 15 0 16 16 25
16 18 16 0 22 19
18 25 16 22 0 24
20 18 25 19 24 0
