4
4
61 35 85 68
0 25 20 17 21 15
25 0 20 22 19 25
20 20 0 22 24 18
17 22 22 0 23 15
21 19 24 23 0 25
15 25 18 15 25 0
