4
8
19 3 32 1
0 23 25 20 18 22
23 0 22 23 20 24
25 22 0 17 23 19
20 23 17 0 23 22
18 20 23 23 0 21
22 24 19 22 21 0
