4
4
16 20 7 26
31 10 6 5
2 26 36 19
4 15 34 35
0 20 19 17 16 19
20 0 18 15 25 19
19 18 0 19 18 17
17 15 19 0 19 19
16 25 18 19 0 25
19 19 17 19 25 0
