4
24
88 136 11 85 27 74 112 87 74 122 11 35 15 113 94 159 35 39 34 11 69 85 102 81
142 19 134 26 126 83 95 95 84 6 14 4 32 80 137 108 4 140 30 12 92 93 107 23
11 21 116 96 159 90 42 87 32 102 97 113 5 4 58 138 27 75 3 130 119 47 48 47
23 69 154 151 109 101 153 86 142 57 105 64 61 109 138 47 54 35 5 96 39 19 64 10
0 22 16 21 25 24
22 0 23 15 16 16
16 23 0 21 24 23
21 15 21 0 21 20
25 16 24 21 0 18
24 16 23 20 18 0
