4
6
11 95 151 155
0 15 18 23 20 22
15 0 19 21 25 21
18 19 0 15 17 23
23 21 15 0 24 20
20 25 17 24 0 21
22 21 23 20 21 0
