4
12
51 32 17 15
0 23 19 22 15 24
23 0 19 18 24 18
19 19 0 19 20 23
22 18 19 0 22 17
15 24 20 22 0 20
24 18 23 17 20 0
