4
8
92 148 12 91
0 21 15 22 19 25
21 0 23 16 22 18
15 23 0 21 15 25
22 16 21 0 20 15
19 22 15 20 0 15
25 18 25 15 15 0
