4
7
31 8 40 26
0 23 25 15 18 19
23 0 25 18 25 17
25 25 0 16 21 22
15 18 16 0 18 15
18 25 21 18 0 16
19 17 22 15 16 0
