4
14
47 80 26 93 76 5 78 85 7 156 127 131 156 88
146 133 38 150 132 2 54 145 34 97 73 17 160 16
143 93 85 149 117 112 23 116 49 66 1 122 21 119
2 17 37 64 93 102 56 43 46 71 71 35 21 65
0 23 17 18 25 16
23 0 17 24 23 18
17 17 0 25 23 19
18 24 25 0 17 17
25 23 23 17 0 24
16 18 19 17 24 0
