4
4
9 37 5 17
8 32 29 31
25 14 7 32
2 25 28 39
0 15 22 19 18 24
15 0 16 20 15 15
22 16 0 15 25 23
19 20 15 0 15 21
18 15 25 15 0 25
24 15 23 21 25 0
