4
9
10 30 30 12
0 21 20 21 23 16
21 0 23 16 16 22
20 23 0 19 15 25
21 16 19 0 25 18
23 16 15 25 0 20
16 22 25 18 20 0
