4
14
36 30 59 58 71 8 13 30 65 64 39 73 67 11
31 58 65 36 55 22 40 71 67 41 9 67 23 2
44 80 26 18 77 24 52 58 19 55 47 20 24 6
4 51 50 62 16 35 28 59 68 74 15 7 35 60
0 20 24 25 22 15
20 0 15 21 16 22
24 15 0 19 18 20
25 21 19 0 21 18
22 16 18 21 0 24
15 22 20 18 24 0
