4
6
144 3 122 134
0 19 23 21 18 16
19 0 20 24 16 20
23 20 0 25 19 24
21 24 25 0 18 15
18 16 19 18 0 24
16 20 24 15 24 0
