4
10
60 65 15 78 75 32 56 61 34 43
57 71 47 22 71 16 6 70 62 14
44 8 12 78 23 25 25 1 68 55
57 69 49 68 17 72 4 76 19 76
0 24 20 17 16 15
24 0 22 21 24 19
20 22 0 16 18 21
17 21 16 0 21 21
16 24 18 21 0 21
15 19 21 21 21 0
