4
4
14 79 90 97
0 25 23 18 19 19
25 0 19 16 25 22
23 19 0 19 22 25
18 16 19 0 21 21
19 25 22 21 0 16
19 22 25 21 16 0
