4
13
14 147 124 26
0 25 22 22 15 23
25 0 19 18 21 17
22 19 0 21 15 24
22 18 21 0 22 23
15 21 15 22 0 24
23 17 24 23 24 0
