4
26
96 24 112 17 23 38 43 30 137 143 146 146 11 22 44 79 75 105 5 106 75 67 38 63 108 26
62 106 4 44 137 152 150 23 52 91 30 32 94 126 155 147 65 98 86 118 71 71 43 104 35 34
123 139 14 151 112 74 68 30 1 42 87 43 103 130 67 157 88 103 80 146 6 77 60 102 84 109
52 143 41 65 51 106 151 13 34 139 70 95 13 60 36 25 142 93 153 39 72 9 102 127 144 46
0 15 22 22 15 21
15 0 24 25 18 21
22 24 0 18 21 23
22 25 18 0 21 18
15 18 21 21 0 23
21 21 23 18 23 0
