4
24
67 94 46 54 39 83 70 99 57 117 29 53 6 33 27 98 118 32 118 12 87 22 35 84
71 76 104 86 102 119 7 97 30 104 109 78 74 111 90 8 97 19 116 86 101 44 102 81
85 90 118 113 48 26 6 56 63 59 2 81 10 99 65 100 28 95 53 82 58 3 4 107
16 76 120 81 115 77 86 56 41 110 26 75 89 114 36 8 20 49 99 104 57 73 115 5
0 22 25 18 24 15
22 0 17 25 20 23
25 17 0 23 24 24
18 25 23 0 20 15
24 20 24 20 0 25
15 23 24 15 25 0
