4
12
8 33 22 26
0 17 24 20 23 22
17 0 23 18 21 22
24 23 0 15 19 16
20 18 15 0 20 15
23 21 19 20 0 18
22 22 16 15 18 0
