4
12
8 15 58 29
0 21 25 20 25 25
21 0 24 22 16 15
25 24 0 15 19 24
20 22 15 0 20 20
25 16 19 20 0 22
25 15 24 20 22 0
