4
9
120 50 102 106
0 24 18 21 22 19
24 0 25 23 16 23
18 25 0 21 23 20
21 23 21 0 15 16
22 16 23 15 0 23
19 23 20 16 23 0
