4
16
67 55 35 101 95 85 103 57 83 59 3 46 31 75 44 29
44 85 68 114 86 93 14 72 88 84 27 106 46 3 54 4
97 48 19 4 84 105 64 111 55 44 63 93 49 104 51 11
85 6 71 101 71 68 69 82 109 18 118 66 120 91 17 80
0 19 16 17 17 16
19 0 22 21 16 19
16 22 0 21 21 16
17 21 21 0 20 23
17 16 21 20 0 17
16 19 16 23 17 0
