4
13
38 7 4 22
0 20 18 19 20 18
20 0 22 22 18 16
18 22 0 18 15 15
19 22 18 0 19 20
20 18 15 19 0 19
18 16 15 20 19 0
