4
14
6 3 32 39
0 18 15 24 19 24
18 0 18 15 18 20
15 18 0 25 16 17
24 15 25 0 16 16
19 18 16 16 0 23
24 20 17 16 23 0
