4
22
10 6 1 40 17 8 38 33 29 16 39 3 9 8 1 2 9 13 8 12 27 34
31 8 18 22 2 15 4 2 26 40 17 33 36 37 25 28 20 39 6 2 24 15
16 23 3 28 16 11 3 15 28 27 26 14 25 20 26 21 22 31 35 2 36 30
19 20 18 5 7 28 31 12 18 23 20 32 13 5 3 29 24 39 39 20 5 27
0 16 23 23 18 16
16 0 24 22 25 21
23 24 0 19 23 21
23 22 19 0 16 18
18 25 23 16 0 15
16 21 21 18 15 0
