4
8
27 34 35 8 12 25 15 19
2 15 8 37 1 7 11 33
20 25 38 26 21 23 5 22
19 40 11 8 33 5 38 7
0 19 20 16 25 19
19 0 15 20 21 16
20 15 0 22 22 18
16 20 22 0 18 17
25 21 22 18 0 19
19 16 18 17 19 0
