4
8
8 2 18 16 15 9 7 35
6 38 28 3 2 6 14 15
33 39 2 36 13 35 27 15
29 38 18 1 11 28 22 18
0 17 18 20 16 16
17 0 21 16 20 20
18 21 0 24 19 15
20 16 24 0 22 23
16 20 19 22 0 16
16 20 15 23 16 0
