4
20
30 12 43 55 42 11 67 1 56 79 64 32 8 15 12 20 39 53 8 67
37 22 10 10 1 9 65 54 12 4 46 58 42 19 42 47 3 58 1 23
33 40 57 24 74 49 11 25 3 13 56 66 26 52 34 59 32 52 51 52
8 7 27 73 42 77 79 2 19 67 30 61 46 32 75 61 29 16 46 18
0 24 21 19 18 24
24 0 20 21 21 20
21 20 0 24 21 17
19 21 24 0 15 17
18 21 21 15 0 22
24 20 17 17 22 0
