4
15
88 103 81 23
0 23 18 22 23 18
23 0 16 16 19 18
18 16 0 15 16 25
22 16 15 0 18 24
23 19 16 18 0 18
18 18 25 24 18 0
