4
26
62 5 71 76 77 7 23 48 44 50 71 59 72 45 12 79 46 68 3 23 70 46 42 55 72 12
55 19 60 52 8 4 53 72 47 2 36 50 12 49 26 5 69 62 67 32 16 29 59 71 26 41
12 46 13 37 62 38 21 23 20 62 56 53 14 4 43 21 65 25 74 25 80 29 11 11 36 55
69 16 27 50 13 67 68 32 27 8 41 46 14 11 69 39 72 21 43 24 62 69 44 5 18 25
0 16 17 16 15 16
16 0 15 24 18 19
17 15 0 19 23 19
16 24 19 0 18 16
15 18 23 18 0 23
16 19 19 16 23 0
