4
11
157 126 58 42
0 15 15 20 20 18
15 0 20 17 16 17
15 20 0 18 16 15
20 17 18 0 16 21
20 16 16 16 0 21
18 17 15 21 21 0
