4
22
139 4 34 42 6 49 150 31 11 149 125 117 26 53 149 107 58 160 44 40 150 126
106 127 139 142 78 153 124 77 20 63 107 62 122 127 91 49 75 140 136 83 70 88
153 128 156 24 93 94 73 96 77 80 76 109 151 146 66 23 44 92 138 93 47 125
102 64 85 97 39 108 147 112 110 15 100 38 81 33 38 123 88 101 125 104 13 1
0 25 17 21 23 18
25 0 17 23 18 25
17 17 0 25 20 19
21 23 25 0 18 23
23 18 20 18 0 24
18 25 19 23 24 0
