4
18
38 32 11 32 19 23 23 17 3 7 19 11 37 36 14 39 35 3
31 16 7 21 34 22 6 5 31 8 18 9 1 29 25 16 21 26
8 19 18 23 2 2 16 33 12 21 8 22 4 12 20 20 9 12
2 39 14 16 18 13 39 4 16 15 40 19 9 9 5 32 21 14
0 20 23 17 17 16
20 0 15 24 23 21
23 15 0 25 21 24
17 24 25 0 25 21
17 23 21 25 0 19
16 21 24 21 19 0
