5
6
9 39 1 18 26
0 18 18 18 22 15 17
18 0 25 19 21 15 23
18 25 0 18 16 25 25
18 19 18 0 25 24 24
22 21 16 25 0 15 24
15 15 25 24 15 0 24
17 23 25 24 24 24 0
