5
9
1 6 32 1 2
0 17 20 18 17 23 25
17 0 25 18 17 15 19
20 25 0 17 16 17 15
18 18 17 0 18 21 22
17 17 16 18 0 23 20
23 15 17 21 23 0 22
25 19 15 22 20 22 0
