5
24
62 70 80 28 24 18 56 79 26 50 1 75 29 36 13 24 18 65 14 50 35 8 27 57
60 6 33 41 48 27 37 64 27 42 44 2 32 29 56 40 42 66 20 43 45 77 6 21
6 27 67 68 24 34 42 77 24 60 53 63 73 63 71 9 62 76 39 3 54 12 68 46
5 54 25 50 9 45 32 31 15 25 52 63 52 62 76 55 12 29 59 44 75 68 40 40
64 15 43 24 22 55 45 56 45 26 17 65 67 80 58 67 34 67 75 39 73 37 43 15
0 17 24 16 15 25 21
17 0 24 25 18 17 19
24 24 0 20 21 24 15
16 25 20 0 18 25 15
15 18 21 18 0 23 17
25 17 24 25 23 0 25
21 19 15 15 17 25 0
