5
10
3 16 13 6 37 40 17 37 34 26
11 27 31 38 6 17 34 35 3 39
8 26 9 32 19 1 40 27 18 3
15 14 22 10 11 14 38 19 7 16
34 17 34 16 2 18 18 9 23 5
0 25 22 17 19 23 17
25 0 16 25 25 17 22
22 16 0 16 17 21 15
17 25 16 0 20 24 25
19 25 17 20 0 18 17
23 17 21 24 18 0 25
17 22 15 25 17 25 0
