5
7
27 10 5 16 19
0 20 24 17 19 17 25
20 0 23 23 18 18 25
24 23 0 18 23 20 18
17 23 18 0 22 25 20
19 18 23 22 0 20 16
17 18 20 25 20 0 22
25 25 18 20 16 22 0
