5
14
87 119 9 84 39
0 22 20 20 18 23 20
22 0 16 22 23 15 25
20 16 0 23 19 24 24
20 22 23 0 21 21 21
18 23 19 21 0 22 18
23 15 24 21 22 0 20
20 25 24 21 18 20 0
