5
4
35 7 23 5
16 39 35 11
17 18 23 9
1 11 40 15
33 33 37 15
0 23 20 17 15 24 25
23 0 16 17 17 17 20
20 16 0 17 25 25 20
17 17 17 0 18 24 15
15 17 25 18 0 15 21
24 17 25 24 15 0 15
25 20 20 15 21 15 0
