5
8
63 10 41 9 11 53 53 56
19 69 48 17 42 50 15 20
32 50 73 70 16 9 11 4
64 74 1 18 4 78 54 2
74 46 6 78 76 64 53 54
0 22 19 22 24 19 19
22 0 18 22 21 20 15
19 18 0 24 25 15 16
22 22 24 0 20 19 21
24 21 25 20 0 22 16
19 20 15 19 22 0 15
19 15 16 21 16 15 0
