5
14
33 62 52 10 4
0 21 16 23 19 19 21
21 0 16 25 17 16 17
16 16 0 19 16 18 21
23 25 19 0 17 20 16
19 17 16 17 0 22 15
19 16 18 20 22 0 20
21 17 21 16 15 20 0
