5
13
12 26 40 10 31
0 18 22 19 24 15 21
18 0 19 16 23 20 24
22 19 0 24 17 21 19
19 16 24 0 16 17 18
24 23 17 16 0 20 23
15 20 21 17 20 0 15
21 24 19 18 23 15 0
