5
7
14 61 40 6 60
0 21 16 25 16 25 19
21 0 20 23 24 17 16
16 20 0 20 16 20 16
25 23 20 0 15 19 17
16 24 16 15 0 19 23
25 17 20 19 19 0 15
19 16 16 17 23 15 0
