5
16
70 54 64 9 13
0 19 20 25 16 25 23
19 0 20 25 22 24 24
20 20 0 24 20 16 24
25 25 24 0 21 20 25
16 22 20 21 0 17 20
25 24 16 20 17 0 17
23 24 24 25 20 17 0
