5
4
69 69 49 53
111 19 84 84
30 9 111 58
9 19 36 64
42 93 71 93
0 15 20 18 18 15 21
15 0 25 21 19 22 22
20 25 0 16 25 19 19
18 21 16 0 25 18 22
18 19 25 25 0 25 24
15 22 19 18 25 0 17
21 22 19 22 24 17 0
