5
12
29 33 6 29 35 21 7 27 18 6 33 23
40 40 16 36 31 11 32 31 16 32 14 2
31 12 13 17 36 24 29 3 11 9 27 6
37 29 31 25 34 30 13 40 24 10 25 1
26 12 29 21 40 8 24 16 10 27 2 28
0 22 23 22 15 15 18
22 0 25 25 24 19 24
23 25 0 21 20 16 21
22 25 21 0 24 18 18
15 24 20 24 0 24 25
15 19 16 18 24 0 19
18 24 21 18 25 19 0
