5
16
104 121 75 42 134 26 109 100 47 149 1 115 84 44 78 158
155 15 59 116 23 129 46 22 157 47 29 1 92 130 116 90
66 44 52 10 111 14 148 89 131 20 107 157 51 86 114 77
149 61 100 160 71 43 78 109 103 60 50 8 3 69 133 135
119 154 61 73 28 139 16 146 90 41 93 24 101 142 147 130
0 18 23 19 19 24 22
18 0 20 15 15 23 16
23 20 0 25 22 24 24
19 15 25 0 23 16 25
19 15 22 23 0 17 17
24 23 24 16 17 0 20
22 16 24 25 17 20 0
