5
6
24 74 73 51 37
0 23 17 24 17 17 22
23 0 24 19 18 17 15
17 24 0 25 22 24 22
24 19 25 0 18 19 18
17 18 22 18 0 19 15
17 17 24 19 19 0 17
22 15 22 18 15 17 0
