5
20
160 33 34 73 93 133 21 4 134 44 19 119 69 9 3 83 17 114 75 156
108 128 29 87 83 49 3 53 74 31 125 109 149 14 4 4 132 76 102 84
145 127 150 147 69 91 8 56 121 27 158 64 28 110 31 158 160 121 14 38
37 160 125 120 47 150 5 88 123 17 144 160 156 159 73 130 2 7 95 153
56 35 127 18 8 48 91 22 52 42 33 35 137 11 41 16 85 50 72 53
0 19 17 24 23 25 18
19 0 18 19 15 21 16
17 18 0 18 22 22 20
24 19 18 0 15 15 24
23 15 22 15 0 22 21
25 21 22 15 22 0 24
18 16 20 24 21 24 0
