5
20
14 37 70 52 47 80 59 68 65 50 10 50 74 56 6 66 16 59 28 64
28 53 8 27 25 38 73 29 34 19 47 65 14 76 78 60 24 63 33 80
57 10 21 31 21 9 76 80 44 4 3 9 47 50 68 22 39 31 21 80
40 17 46 69 6 75 49 53 14 59 38 28 36 12 48 17 16 79 13 10
2 16 74 39 56 52 57 73 76 50 62 72 75 12 4 78 10 33 12 50
0 20 24 25 18 25 21
20 0 21 15 15 17 22
24 21 0 23 16 16 18
25 15 23 0 19 19 22
18 15 16 19 0 21 22
25 17 16 19 21 0 24
21 22 18 22 22 24 0
