5
11
83 91 29 77 37
0 19 25 23 18 19 15
19 0 17 21 20 20 24
25 17 0 18 19 25 19
23 21 18 0 25 21 23
18 20 19 25 0 16 15
19 20 25 21 16 0 19
15 24 19 23 15 19 0
