5
12
26 87 64 10 6
0 22 24 20 19 25 16
22 0 23 18 24 18 21
24 23 0 25 17 20 15
20 18 25 0 15 16 16
19 24 17 15 0 17 21
25 18 20 16 17 0 15
16 21 15 16 21 15 0
