5
7
18 26 9 24 36
0 22 20 18 24 22 21
22 0 25 21 22 18 15
20 25 0 23 19 21 15
18 21 23 0 21 24 22
24 22 19 21 0 18 16
22 18 21 24 18 0 18
21 15 15 22 16 18 0
