5
24
71 55 32 11 51 33 52 75 40 20 59 55 33 34 47 64 18 75 8 39 64 45 79 75
77 55 78 39 54 77 41 3 1 70 7 24 46 29 21 1 29 49 16 1 67 57 44 57
4 39 66 31 66 35 1 44 10 72 75 64 11 62 39 66 37 31 29 45 35 9 41 34
49 25 44 43 79 36 40 17 8 55 47 2 47 1 54 3 3 35 44 35 57 64 77 48
43 16 50 43 3 65 21 44 50 76 43 9 23 73 51 49 15 65 3 80 56 63 57 31
0 22 18 18 17 25 23
22 0 25 24 18 22 19
18 25 0 18 23 21 24
18 24 18 0 23 21 17
17 18 23 23 0 18 20
25 22 21 21 18 0 25
23 19 24 17 20 25 0
