5
5
70 44 113 63 76
0 15 17 18 15 24 22
15 0 16 15 16 25 23
17 16 0 21 20 22 15
18 15 21 0 19 17 22
15 16 20 19 0 19 17
24 25 22 17 19 0 23
22 23 15 22 17 23 0
