5
10
9 39 1 18 26 31 27 30 64 8
24 34 53 1 70 29 16 79 80 4
75 77 12 41 3 34 1 32 65 22
21 16 9 59 51 50 21 57 68 54
24 47 56 29 41 6 65 24 70 45
0 22 16 23 19 16 15
22 0 15 20 21 24 23
16 15 0 23 16 25 15
23 20 23 0 21 16 19
19 21 16 21 0 18 17
16 24 25 16 18 0 23
15 23 15 19 17 23 0
