5
8
13 12 49 103 93
0 16 24 22 21 23 16
16 0 24 22 21 23 25
24 24 0 20 24 18 22
22 22 20 0 20 16 19
21 21 24 20 0 15 20
23 23 18 16 15 0 24
16 25 22 19 20 24 0
