5
16
43 20 92 65 100 107 17 19 112 94 96 119 66 70 31 97
63 112 94 35 114 53 67 85 81 46 102 40 69 37 100 63
67 23 47 105 63 93 49 68 65 104 97 86 101 36 30 7
1 40 74 25 7 9 3 33 38 23 78 109 120 46 80 90
24 95 68 11 81 31 60 17 91 120 57 114 35 116 31 70
0 25 17 23 25 20 20
25 0 20 22 25 19 17
17 20 0 21 19 23 25
23 22 21 0 15 24 25
25 25 19 15 0 17 15
20 19 23 24 17 0 21
20 17 25 25 15 21 0
