5
10
119 6 99 5 52 64 143 115 122 113
74 85 68 67 106 125 90 31 17 129
109 95 24 77 50 51 6 1 76 1
116 21 10 42 159 153 125 139 118 65
41 26 89 50 152 21 55 67 92 6
0 16 19 17 22 25 22
16 0 16 25 21 20 22
19 16 0 16 15 21 16
17 25 16 0 17 20 23
22 21 15 17 0 17 25
25 20 21 20 17 0 18
22 22 16 23 25 18 0
