5
24
19 156 136 113 17 23 74 131 125 91 133 148 5 117 77 84 19 5 93 62 76 41 137 71
27 59 87 15 105 15 119 156 64 123 74 76 110 129 1 94 139 71 145 62 9 47 21 56
82 26 153 132 31 64 58 1 94 70 21 67 71 122 59 43 120 37 43 150 84 142 15 83
129 91 112 69 39 43 81 112 113 145 31 51 142 74 44 22 142 55 69 33 160 39 118 86
149 99 54 56 35 18 18 122 46 54 11 25 157 118 66 53 105 103 24 4 36 11 98 50
0 18 21 17 17 25 21
18 0 17 22 19 24 17
21 17 0 25 19 20 20
17 22 25 0 17 25 18
17 19 19 17 0 23 16
25 24 20 25 23 0 24
21 17 20 18 16 24 0
