5
15
23 23 63 33 23
0 18 22 19 22 21 22
18 0 19 15 21 16 22
22 19 0 24 24 19 20
19 15 24 0 17 18 20
22 21 24 17 0 25 25
21 16 19 18 25 0 24
22 22 20 20 25 24 0
