5
13
8 6 20 19 15
0 18 18 15 20 23 25
18 0 24 18 24 21 25
18 24 0 17 18 24 21
15 18 17 0 15 16 21
20 24 18 15 0 18 16
23 21 24 16 18 0 22
25 25 21 21 16 22 0
