5
4
25 86 82 76 31
0 19 24 24 19 17 18
19 0 16 23 18 23 16
24 16 0 22 25 21 19
24 23 22 0 17 21 20
19 18 25 17 0 18 24
17 23 21 21 18 0 25
18 16 19 20 24 25 0
