5
14
6 93 45 24 17
0 23 25 22 16 21 21
23 0 15 20 15 24 20
25 15 0 20 16 18 18
22 20 20 0 20 23 15
16 15 16 20 0 24 16
21 24 18 23 24 0 22
21 20 18 15 16 22 0
