5
22
47 9 67 26 50 65 105 38 3 21 59 93 56 44 20 48 71 5 101 104 5 44
10 14 89 23 13 28 66 108 62 88 120 104 113 6 103 70 84 33 38 5 36 85
78 11 58 37 94 29 118 114 66 95 6 39 82 54 94 37 105 81 61 108 87 117
105 107 62 20 58 54 94 2 59 8 33 56 37 22 69 11 86 116 89 88 94 103
103 77 49 51 94 117 51 111 76 45 25 44 89 28 75 63 120 77 27 20 87 117
0 22 23 15 24 15 21
22 0 24 21 25 16 25
23 24 0 15 24 21 18
15 21 15 0 17 23 17
24 25 24 17 0 15 18
15 16 21 23 15 0 18
21 25 18 17 18 18 0
