5
7
2 137 50 37 139
0 20 17 22 15 22 23
20 0 20 16 21 16 22
17 20 0 21 24 19 17
22 16 21 0 25 20 20
15 21 24 25 0 18 19
22 16 19 20 18 0 23
23 22 17 20 19 23 0
