5
8
3 18 24 7 30 20 33 10
31 9 12 5 21 22 9 4
40 14 15 21 33 19 10 11
25 22 30 1 24 23 15 22
33 39 7 1 8 32 14 37
0 20 19 22 18 18 23
20 0 21 15 23 20 18
19 21 0 16 16 17 18
22 15 16 0 23 22 21
18 23 16 23 0 19 24
18 20 17 22 19 0 18
23 18 18 21 24 18 0
