5
6
24 19 52 46 48
0 23 19 17 21 19 21
23 0 24 21 20 17 17
19 24 0 23 16 16 16
17 21 23 0 15 22 18
21 20 16 15 0 25 25
19 17 16 22 25 0 25
21 17 16 18 25 25 0
