5
18
31 24 102 118 1 71 150 37 61 102 104 29 95 84 135 128 131 90
106 14 85 118 93 89 8 76 118 119 12 81 143 62 51 125 49 6
89 138 117 97 94 43 56 35 113 61 96 100 71 81 22 5 41 103
122 52 108 126 51 65 10 45 154 142 127 156 134 10 107 58 5 4
125 72 37 130 60 152 124 71 69 100 12 80 71 25 98 150 33 12
0 22 20 23 24 23 19
22 0 18 24 19 15 25
20 18 0 25 19 25 16
23 24 25 0 25 18 24
24 19 19 25 0 24 21
23 15 25 18 24 0 21
19 25 16 24 21 21 0
