5
22
38 100 4 119 92 101 5 1 87 55 81 21 28 68 106 26 55 70 32 46 12 107
38 51 10 97 10 82 102 92 95 20 49 9 22 66 84 23 107 110 60 45 24 71
79 10 96 18 33 111 67 66 48 47 37 111 102 6 56 25 119 94 68 78 86 12
116 68 61 76 20 81 6 68 90 63 83 37 61 52 55 16 76 1 75 96 8 27
71 108 39 10 33 21 51 93 99 61 30 9 34 112 79 91 71 31 96 4 16 51
0 23 25 19 18 17 20
23 0 22 16 22 19 20
25 22 0 17 21 15 18
19 16 17 0 24 24 24
18 22 21 24 0 16 19
17 19 15 24 16 0 22
20 20 18 24 19 22 0
