5
11
55 109 45 106 78
0 18 24 19 19 16 19
18 0 23 17 25 20 21
24 23 0 17 19 22 17
19 17 17 0 15 24 19
19 25 19 15 0 15 19
16 20 22 24 15 0 22
19 21 17 19 19 22 0
