5
20
57 34 72 31 75 74 13 56 65 33 10 69 59 68 71 76 14 34 36 18
77 20 8 27 23 7 16 62 7 29 77 79 40 68 61 53 62 11 3 3
34 9 2 47 51 36 15 67 32 2 7 80 20 72 41 3 45 69 4 48
9 11 17 12 62 12 22 12 34 41 5 56 60 10 16 40 62 74 65 19
67 69 64 11 37 9 10 33 21 74 18 24 58 35 47 70 13 32 4 22
0 25 24 18 16 23 19
25 0 20 25 16 25 17
24 20 0 17 22 18 18
18 25 17 0 21 18 22
16 16 22 21 0 19 15
23 25 18 18 19 0 15
19 17 18 22 15 15 0
