5
11
16 40 22 3 11
0 19 22 17 23 23 21
19 0 20 21 17 16 25
22 20 0 19 17 17 17
17 21 19 0 22 17 18
23 17 17 22 0 24 24
23 16 17 17 24 0 21
21 25 17 18 24 21 0
