5
14
13 32 11 30 37 6 34 21 27 2 17 20 11 12
9 13 22 6 18 19 35 31 31 35 27 31 29 22
35 3 34 31 9 23 30 4 8 9 18 16 5 5
25 23 16 6 2 32 13 2 6 38 6 12 22 9
39 37 34 39 20 15 5 2 23 3 17 30 19 22
0 24 18 25 25 24 21
24 0 20 17 25 21 17
18 20 0 17 18 23 23
25 17 17 0 21 16 23
25 25 18 21 0 23 20
24 21 23 16 23 0 15
21 17 23 23 20 15 0
