5
13
25 27 25 50 16
0 25 24 24 18 22 16
25 0 25 20 25 22 25
24 25 0 24 23 16 18
24 20 24 0 21 16 20
18 25 23 21 0 21 21
22 22 16 16 21 0 20
16 25 18 20 21 20 0
