5
24
39 76 96 69 84 74 42 89 34 55 70 27 84 43 33 104 20 43 85 6 86 43 98 44
81 11 118 28 28 114 22 74 31 28 85 108 63 113 31 28 66 87 26 87 78 112 94 54
120 102 93 87 56 83 3 28 109 100 52 92 69 39 17 35 80 21 76 39 29 79 120 68
70 2 90 100 44 21 39 78 6 112 6 88 27 52 103 2 106 95 41 62 27 83 87 25
69 2 86 34 99 8 16 95 110 23 71 21 92 75 68 75 37 109 61 47 15 78 16 97
0 25 22 25 15 23 15
25 0 15 22 16 19 20
22 15 0 17 25 20 25
25 22 17 0 23 21 16
15 16 25 23 0 20 21
23 19 20 21 20 0 15
15 20 25 16 21 15 0
