5
18
95 87 6 33 155 160 31 96 19 94 29 107 33 77 139 137 80 148
57 43 100 74 35 100 73 154 138 66 128 54 116 52 44 1 102 22
11 106 52 131 80 27 63 59 20 155 140 71 35 29 134 82 46 118
41 134 23 123 89 47 157 49 76 43 136 120 72 2 33 115 68 58
79 1 35 156 26 52 132 53 105 63 119 38 131 160 23 2 154 99
0 19 17 19 20 18 15
19 0 24 25 23 21 20
17 24 0 19 21 16 23
19 25 19 0 16 19 17
20 23 21 16 0 18 15
18 21 16 19 18 0 20
15 20 23 17 15 20 0
