5
6
6 4 9 79 40 25
44 37 65 9 23 13
48 51 7 1 8 58
57 44 15 33 7 29
38 48 25 52 11 43
0 22 17 22 20 25 16
22 0 19 18 15 23 18
17 19 0 19 23 25 24
22 18 19 0 23 18 20
20 15 23 23 0 17 17
25 23 25 18 17 0 22
16 18 24 20 17 22 0
