5
15
37 11 29 21 3
0 16 22 18 25 16 25
16 0 19 24 16 18 21
22 19 0 21 20 21 20
18 24 21 0 24 23 17
25 16 20 24 0 20 20
16 18 21 23 20 0 17
25 21 20 17 20 17 0
