5
10
10 41 157 5 157
0 18 16 17 25 16 23
18 0 15 15 18 21 20
16 15 0 23 22 15 22
17 15 23 0 17 25 22
25 18 22 17 0 25 20
16 21 15 25 25 0 24
23 20 22 22 20 24 0
