5
16
16 81 107 117 99 37 76 68 36 86 118 11 37 79 78 19
75 96 100 2 62 7 87 42 77 74 38 85 71 31 42 45
94 106 9 63 49 40 72 110 114 106 88 83 116 29 118 16
34 80 104 20 47 71 48 21 69 83 99 30 85 74 110 79
117 104 107 20 6 47 92 64 118 57 15 12 37 113 38 56
0 23 23 17 15 22 23
23 0 21 23 19 23 16
23 21 0 22 23 20 24
17 23 22 0 18 15 20
15 19 23 18 0 15 21
22 23 20 15 15 0 25
23 16 24 20 21 25 0
