5
8
23 5 62 119 26 118 95 12
56 92 78 73 111 52 51 99
84 58 40 31 77 30 46 40
60 46 67 67 74 111 35 36
34 48 59 58 21 22 29 108
0 23 18 21 19 17 23
23 0 20 20 17 25 22
18 20 0 19 18 19 22
21 20 19 0 18 20 22
19 17 18 18 0 23 18
17 25 19 20 23 0 25
23 22 22 22 18 25 0
