5
4
19 59 48 54 6
0 18 15 25 19 18 24
18 0 24 18 15 20 21
15 24 0 22 20 15 21
25 18 22 0 21 20 23
19 15 20 21 0 23 24
18 20 15 20 23 0 19
24 21 21 23 24 19 0
