5
13
39 103 5 45 114
0 21 20 19 16 20 18
21 0 23 24 24 22 16
20 23 0 18 15 23 18
19 24 18 0 15 15 22
16 24 15 15 0 24 17
20 22 23 15 24 0 21
18 16 18 22 17 21 0
