5
6
119 6 99 5 52
0 18 23 22 22 22 25
18 0 19 20 19 19 21
23 19 0 22 20 25 16
22 20 22 0 16 23 21
22 19 20 16 0 20 16
22 19 25 23 20 0 19
25 21 16 21 16 19 0
