5
13
47 88 142 69 118
0 25 20 15 17 17 18
25 0 23 17 18 21 25
20 23 0 21 17 21 24
15 17 21 0 22 24 15
17 18 17 22 0 16 24
17 21 21 24 16 0 20
18 25 24 15 24 20 0
