5
16
62 75 7 5 26 14 61 79 77 80 72 36 18 43 59 50
15 13 54 44 68 54 62 2 31 61 18 18 63 26 74 61
53 34 7 7 74 75 63 51 72 72 75 69 7 67 52 75
12 74 39 32 25 27 11 59 10 69 39 64 52 50 43 74
17 72 20 12 16 61 36 74 64 50 78 76 79 34 70 43
0 22 22 15 17 21 19
22 0 15 18 21 24 20
22 15 0 24 17 20 20
15 18 24 0 19 21 18
17 21 17 19 0 22 17
21 24 20 21 22 0 25
19 20 20 18 17 25 0
