5
14
41 24 28 32 59 47 12 72 25 54 2 57 41 22
46 14 3 71 73 58 13 60 29 50 60 23 32 52
59 73 25 77 72 23 22 47 9 55 78 15 62 49
24 18 21 76 12 26 68 62 5 61 8 29 66 44
59 25 57 71 63 3 25 3 3 2 58 5 14 41
0 24 16 15 24 22 22
24 0 15 21 22 19 21
16 15 0 16 21 23 18
15 21 16 0 18 22 17
24 22 21 18 0 24 22
22 19 23 22 24 0 16
22 21 18 17 22 16 0
