5
16
111 104 51 111 45
0 22 19 23 17 24 17
22 0 15 16 21 25 23
19 15 0 22 20 15 23
23 16 22 0 25 19 25
17 21 20 25 0 15 25
24 25 15 19 15 0 21
17 23 23 25 25 21 0
