5
12
77 16 3 44 3
0 18 22 21 17 15 21
18 0 21 16 23 22 19
22 21 0 15 23 19 24
21 16 15 0 19 17 15
17 23 23 19 0 17 16
15 22 19 17 17 0 20
21 19 24 15 16 20 0
