5
4
62 84 46 44 87
0 17 20 23 23 25 22
17 0 16 16 25 21 16
20 16 0 21 25 16 20
23 16 21 0 21 16 20
23 25 25 21 0 19 17
25 21 16 16 19 0 24
22 16 20 20 17 24 0
