5
10
9 22 37 27 36
0 22 18 24 18 24 23
22 0 19 22 25 24 19
18 19 0 21 19 24 23
24 22 21 0 24 17 23
18 25 19 24 0 23 17
24 24 24 17 23 0 24
23 19 23 23 17 24 0
