5
11
37 111 91 101 8
0 16 18 16 19 18 24
16 0 18 22 22 15 16
18 18 0 24 17 20 23
16 22 24 0 19 25 19
19 22 17 19 0 19 19
18 15 20 25 19 0 23
24 16 23 19 19 23 0
