5
15
116 97 32 82 62
0 23 17 24 24 18 17
23 0 23 20 21 21 25
17 23 0 15 18 16 19
24 20 15 0 23 17 18
24 21 18 23 0 18 17
18 21 16 17 18 0 23
17 25 19 18 17 23 0
