5
14
62 54 101 80 49 5 25 20 38 14 58 81 114 89
42 106 136 153 151 36 25 19 126 111 158 48 51 95
27 46 128 125 75 79 60 83 115 9 16 131 1 96
8 67 21 3 11 128 146 5 110 49 147 52 122 128
32 30 4 3 119 55 35 16 126 60 7 12 147 6
0 20 23 18 17 25 15
20 0 23 19 19 25 24
23 23 0 21 23 22 24
18 19 21 0 24 22 18
17 19 23 24 0 18 18
25 25 22 22 18 0 22
15 24 24 18 18 22 0
