5
14
17 1 144 114 84
0 16 16 20 22 17 16
16 0 20 24 18 20 19
16 20 0 20 15 25 17
20 24 20 0 17 23 21
22 18 15 17 0 16 24
17 20 25 23 16 0 22
16 19 17 21 24 22 0
