5
24
44 48 85 86 96 40 43 12 40 12 118 25 71 67 98 108 90 67 111 112 79 92 63 8
75 64 17 36 77 35 103 52 114 17 52 53 47 102 20 34 43 100 98 91 70 28 97 75
116 44 88 85 40 81 103 48 81 11 11 92 73 92 8 101 18 44 27 21 25 117 15 33
54 44 74 54 23 88 32 74 102 98 7 107 53 52 92 18 52 84 18 38 70 27 74 6
93 88 2 50 7 44 97 42 114 82 75 17 117 80 26 19 34 116 52 113 6 79 71 22
0 22 18 19 16 19 15
22 0 22 22 21 21 22
18 22 0 23 23 21 18
19 22 23 0 19 17 18
16 21 23 19 0 22 25
19 21 21 17 22 0 19
15 22 18 18 25 19 0
