5
12
21 11 35 37 33
0 21 18 20 23 18 24
21 0 22 19 24 16 24
18 22 0 24 25 20 16
20 19 24 0 24 16 20
23 24 25 24 0 25 16
18 16 20 16 25 0 21
24 24 16 20 16 21 0
