5
4
6 4 9 79 40
0 18 20 19 25 23 16
18 0 17 25 16 20 21
20 17 0 15 15 15 22
19 25 15 0 22 20 25
25 16 15 22 0 16 19
23 20 15 20 16 0 15
16 21 22 25 19 15 0
