5
20
19 88 40 3 88 43 12 39 86 91 60 27 26 22 21 61 7 42 114 30
107 53 88 58 13 70 20 72 112 60 91 92 30 23 106 106 52 71 1 96
119 12 60 39 73 81 55 54 17 13 113 37 46 109 96 62 59 69 33 83
40 67 19 32 12 69 72 33 42 51 5 11 5 103 48 108 84 29 37 68
92 33 21 108 14 19 115 112 9 115 4 56 9 89 70 102 61 93 86 9
0 15 20 21 18 18 19
15 0 22 23 18 15 25
20 22 0 15 17 19 21
21 23 15 0 22 23 19
18 18 17 22 0 18 24
18 15 19 23 18 0 15
19 25 21 19 24 15 0
