5
8
35 24 11 57 1 4 49 50
4 54 61 16 63 5 77 54
21 9 21 5 5 3 17 70
77 2 68 57 10 29 32 79
6 50 22 70 73 22 54 55
0 19 22 15 18 20 24
19 0 16 17 17 16 22
22 16 0 18 19 25 18
15 17 18 0 16 20 23
18 17 19 16 0 25 22
20 16 25 20 25 0 25
24 22 18 23 22 25 0
