5
14
34 39 33 54 49
0 25 15 16 19 15 18
25 0 23 18 16 15 15
15 23 0 18 20 23 25
16 18 18 0 21 25 22
19 16 20 21 0 21 20
15 15 23 25 21 0 20
18 15 25 22 20 20 0
