5
18
31 31 37 2 13 7 19 14 34 40 38 40 39 18 15 25 15 30
14 2 1 39 27 11 38 1 22 28 9 26 30 30 35 26 25 4
35 13 25 4 10 17 33 33 18 21 30 5 18 30 40 7 35 25
32 30 22 37 23 19 11 4 8 29 24 6 34 21 10 37 35 23
2 12 6 4 19 9 18 6 22 34 34 36 26 32 6 35 37 22
0 22 17 21 18 15 21
22 0 25 15 25 17 15
17 25 0 20 15 17 22
21 15 20 0 15 20 20
18 25 15 15 0 23 15
15 17 17 20 23 0 17
21 15 22 20 15 17 0
