5
6
13 117 103 108 43
0 24 25 19 21 25 25
24 0 21 20 18 21 17
25 21 0 15 16 25 21
19 20 15 0 20 22 22
21 18 16 20 0 15 22
25 21 25 22 15 0 21
25 17 21 22 22 21 0
