5
6
62 84 46 44 87 23
48 68 71 117 86 62
107 13 10 85 104 53
14 105 54 82 96 15
105 111 102 46 100 56
0 16 20 19 17 24 22
16 0 15 22 19 15 23
20 15 0 17 21 16 16
19 22 17 0 17 17 22
17 19 21 17 0 18 25
24 15 16 17 18 0 23
22 23 16 22 25 23 0
