5
16
47 40 31 79 5 2 56 27 68 15 77 20 72 64 9 45
50 21 42 1 7 56 71 41 70 6 63 12 32 70 30 42
52 51 62 59 26 53 34 33 13 46 64 46 54 54 45 69
19 75 73 13 8 29 4 33 48 30 65 14 75 20 47 13
61 2 50 68 5 49 76 39 39 10 31 34 36 71 52 61
0 25 21 20 21 22 17
25 0 22 23 20 25 16
21 22 0 25 17 22 16
20 23 25 0 23 15 25
21 20 17 23 0 18 18
22 25 22 15 18 0 22
17 16 16 25 18 22 0
