5
16
8 51 138 131 85 151 81 117 147 88 125 29 101 40 140 29
146 75 72 144 65 91 160 30 108 96 85 63 51 156 150 131
152 89 95 119 41 93 41 88 129 92 95 155 18 75 66 10
41 136 96 120 86 148 61 78 63 97 34 74 139 38 23 60
17 12 113 53 70 23 50 109 37 56 53 4 18 90 83 95
0 17 22 19 24 21 20
17 0 21 20 24 24 21
22 21 0 24 21 21 15
19 20 24 0 18 16 25
24 24 21 18 0 20 24
21 24 21 16 20 0 18
20 21 15 25 24 18 0
