5
8
135 95 104 11 83 29 25 43
6 44 116 101 75 117 102 127
85 75 142 101 140 152 94 14
49 70 54 110 138 58 140 157
127 81 107 6 109 141 46 66
0 18 22 19 17 25 23
18 0 21 24 24 19 25
22 21 0 21 19 24 23
19 24 21 0 17 24 15
17 24 19 17 0 25 19
25 19 24 24 25 0 18
23 25 23 15 19 18 0
