5
10
64 22 92 82 31
0 25 17 17 22 15 25
25 0 22 24 15 18 18
17 22 0 21 21 16 18
17 24 21 0 25 16 22
22 15 21 25 0 21 20
15 18 16 16 21 0 19
25 18 18 22 20 19 0
