5
6
56 68 25 36 80
0 18 21 21 25 25 23
18 0 15 24 24 15 20
21 15 0 16 25 24 25
21 24 16 0 24 23 25
25 24 25 24 0 19 19
25 15 24 23 19 0 21
23 20 25 25 19 21 0
