5
4
21 35 27 30 22
0 20 20 18 15 24 24
20 0 18 21 17 17 20
20 18 0 23 18 24 25
18 21 23 0 20 23 17
15 17 18 20 0 15 23
24 17 24 23 15 0 21
24 20 25 17 23 21 0
