5
10
46 11 138 157 154 103 160 17 56 73
29 89 42 152 154 91 45 52 84 151
155 87 1 117 125 12 128 48 96 67
102 121 14 31 129 120 91 49 101 137
51 95 141 81 41 128 66 1 143 90
0 21 15 25 17 22 20
21 0 20 17 16 23 21
15 20 0 22 24 19 24
25 17 22 0 20 16 15
17 16 24 20 0 19 23
22 23 19 16 19 0 18
20 21 24 15 23 18 0
