5
26
33 62 52 10 4 55 13 71 39 34 53 13 24 13 22 39 14 29 53 18 44 15 57 7 47 64
72 3 4 70 56 59 33 42 57 70 71 8 27 78 50 24 22 32 27 56 3 40 41 37 71 22
17 21 48 4 10 60 33 39 19 47 5 33 80 71 9 11 42 80 55 13 22 65 80 47 9 39
8 60 10 55 3 76 76 18 40 75 24 47 49 53 2 33 24 6 11 76 60 62 18 68 30 71
15 60 40 48 74 4 38 73 14 6 64 31 59 58 9 15 28 4 16 43 44 69 34 69 43 40
0 19 24 15 16 25 23
19 0 22 23 20 22 23
24 22 0 20 15 23 17
15 23 20 0 16 16 25
16 20 15 16 0 23 18
25 22 23 16 23 0 23
23 23 17 25 18 23 0
