5
8
99 19 98 38 20 86 108 42
25 120 118 72 75 42 38 110
25 119 82 54 95 81 3 16
5 74 110 69 61 117 24 29
81 57 69 13 104 94 83 80
0 18 15 20 17 16 25
18 0 24 19 18 17 23
15 24 0 19 23 19 21
20 19 19 0 15 16 21
17 18 23 15 0 15 22
16 17 19 16 15 0 16
25 23 21 21 22 16 0
