5
16
15 20 16 6 14 10 36 12 6 16 5 8 21 30 9 35
40 40 25 31 18 10 18 24 19 13 21 29 5 13 28 27
20 8 40 35 10 39 35 1 22 22 20 11 30 7 2 28
37 8 6 12 24 5 22 13 8 26 12 15 29 6 32 8
18 38 1 37 35 32 18 29 16 13 5 10 2 27 37 7
0 19 15 23 20 15 24
19 0 17 23 16 17 19
15 17 0 23 22 24 17
23 23 23 0 19 15 15
20 16 22 19 0 20 25
15 17 24 15 20 0 18
24 19 17 15 25 18 0
