5
6
105 106 86 4 96
0 24 25 15 16 17 19
24 0 17 25 19 16 23
25 17 0 15 16 23 18
15 25 15 0 18 23 16
16 19 16 18 0 25 19
17 16 23 23 25 0 24
19 23 18 16 19 24 0
