5
6
26 3 57 44 14 2
71 61 5 30 79 1
75 73 5 67 17 72
60 52 4 42 44 9
70 44 15 64 59 78
0 18 23 24 20 22 21
18 0 16 21 16 18 20
23 16 0 15 18 15 25
24 21 15 0 22 19 20
20 16 18 22 0 24 21
22 18 15 19 24 0 22
21 20 25 20 21 22 0
