5
12
47 9 67 26 50
0 23 19 15 17 22 21
23 0 20 17 20 23 15
19 20 0 15 20 16 16
15 17 15 0 17 16 18
17 20 20 17 0 23 22
22 23 16 16 23 0 25
21 15 16 18 22 25 0
