5
12
2 24 18 26 7
0 25 25 25 16 15 23
25 0 20 22 25 15 24
25 20 0 17 23 20 21
25 22 17 0 19 16 20
16 25 23 19 0 19 17
15 15 20 16 19 0 25
23 24 21 20 17 25 0
