5
24
12 26 40 10 31 14 29 20 39 1 27 18 7 33 24 38 38 9 28 20 5 10 16 24
34 1 10 34 18 3 38 28 9 16 12 3 37 8 34 40 3 35 28 6 38 22 17 31
32 3 27 22 34 40 18 11 12 24 34 38 38 32 8 30 15 9 4 38 5 37 22 14
36 20 23 24 28 32 15 22 32 22 29 19 34 12 22 30 34 14 11 10 32 5 20 31
18 4 15 14 6 35 27 3 26 10 35 30 11 32 19 34 4 15 4 30 21 7 28 13
0 17 19 25 23 17 21
17 0 19 16 24 15 22
19 19 0 18 18 15 18
25 16 18 0 21 20 15
23 24 18 21 0 17 25
17 15 15 20 17 0 17
21 22 18 15 25 17 0
