5
6
9 14 28 33 29
0 15 18 25 19 18 24
15 0 18 15 15 19 19
18 18 0 25 16 19 21
25 15 25 0 17 17 21
19 15 16 17 0 22 24
18 19 19 17 22 0 20
24 19 21 21 24 20 0
