5
9
43 20 92 65 100
0 17 17 23 23 18 22
17 0 19 21 23 25 25
17 19 0 20 19 23 19
23 21 20 0 22 23 17
23 23 19 22 0 20 22
18 25 23 23 20 0 21
22 25 19 17 22 21 0
