5
6
106 91 14 126 48 48
88 23 78 147 39 55
127 25 41 103 82 2
46 134 67 122 158 43
109 46 137 150 91 75
0 16 15 19 25 24 22
16 0 21 23 21 25 21
15 21 0 18 16 25 21
19 23 18 0 23 19 17
25 21 16 23 0 22 17
24 25 25 19 22 0 15
22 21 21 17 17 15 0
