5
8
2 20 17 8 29 29 33 16
3 36 18 34 11 5 27 2
40 10 9 7 27 17 4 30
28 35 34 9 1 13 8 17
34 40 30 4 23 32 10 35
0 19 24 18 21 25 17
19 0 22 17 25 25 22
24 22 0 23 22 20 21
18 17 23 0 15 15 21
21 25 22 15 0 25 22
25 25 20 15 25 0 20
17 22 21 21 22 20 0
