5
16
46 15 81 84 27
0 17 21 21 25 20 21
17 0 19 24 20 20 20
21 19 0 22 19 15 25
21 24 22 0 16 16 20
25 20 19 16 0 19 21
20 20 15 16 19 0 18
21 20 25 20 21 18 0
