5
8
73 121 82 151 123 20 67 62
15 54 57 78 66 100 17 58
103 127 48 153 97 7 13 136
34 83 70 56 32 25 60 24
146 120 72 76 59 38 4 122
0 21 17 18 20 15 23
21 0 22 23 18 19 23
17 22 0 19 17 22 15
18 23 19 0 23 24 16
20 18 17 23 0 18 16
15 19 22 24 18 0 20
23 23 15 16 16 20 0
