5
14
26 37 7 34 35 8 37 18 12 21 15 34 36 17
20 10 36 30 9 18 18 36 1 3 2 3 11 32
21 9 13 17 15 31 10 20 17 11 28 38 10 35
37 13 10 4 16 11 1 38 14 32 10 28 34 18
7 12 31 1 27 22 5 10 23 30 16 35 24 4
0 21 15 22 16 22 21
21 0 22 16 15 17 17
15 22 0 21 17 21 20
22 16 21 0 25 21 18
16 15 17 25 0 24 23
22 17 21 21 24 0 18
21 17 20 18 23 18 0
