5
11
28 4 42 25 78
0 18 18 22 21 18 15
18 0 25 23 23 16 18
18 25 0 16 20 24 23
22 23 16 0 19 20 24
21 23 20 19 0 15 15
18 16 24 20 15 0 18
15 18 23 24 15 18 0
