5
12
21 79 63 47 6
0 17 19 16 25 15 23
17 0 22 20 22 20 21
19 22 0 23 25 20 24
16 20 23 0 15 20 25
25 22 25 15 0 17 21
15 20 20 20 17 0 23
23 21 24 25 21 23 0
