5
6
66 39 38 67 62
0 21 19 15 25 21 25
21 0 18 24 20 16 18
19 18 0 25 22 19 21
15 24 25 0 25 15 17
25 20 22 25 0 20 25
21 16 19 15 20 0 18
25 18 21 17 25 18 0
