5
8
26 37 7 34 35
0 16 24 19 17 20 18
16 0 23 23 19 19 17
24 23 0 23 22 17 19
19 23 23 0 19 23 15
17 19 22 19 0 15 15
20 19 17 23 15 0 15
18 17 19 15 15 15 0
