5
5
19 65 96 129 12
0 25 24 21 17 16 15
25 0 19 17 18 15 21
24 19 0 23 20 17 24
21 17 23 0 18 25 16
17 18 20 18 0 17 18
16 15 17 25 17 0 24
15 21 24 16 18 24 0
