5
9
40 77 54 53 79
0 16 18 20 15 18 24
16 0 24 18 24 21 24
18 24 0 15 16 17 18
20 18 15 0 22 15 24
15 24 16 22 0 23 18
18 21 17 15 23 0 18
24 24 18 24 18 18 0
