5
26
34 39 33 54 49 8 13 33 6 28 67 31 14 7 2 25 45 72 52 57 55 41 47 36 65 10
38 33 4 56 51 74 66 1 43 62 78 1 49 23 58 63 43 3 3 48 46 8 37 36 19 75
5 71 59 44 16 79 67 53 8 63 65 49 73 60 69 47 60 24 8 3 44 28 60 73 7 33
10 24 3 1 16 66 56 58 53 71 49 47 9 73 68 39 50 18 23 48 9 18 57 34 68 6
15 24 52 63 53 17 29 33 80 67 53 73 9 54 71 60 67 51 32 73 38 45 36 8 26 9
0 21 19 17 17 22 17
21 0 16 20 17 21 21
19 16 0 20 15 19 18
17 20 20 0 25 16 25
17 17 15 25 0 16 16
22 21 19 16 16 0 16
17 21 18 25 16 16 0
