5
4
26 3 57 44 14
0 15 23 22 15 25 18
15 0 24 15 24 24 15
23 24 0 23 17 23 22
22 15 23 0 21 15 20
15 24 17 21 0 20 16
25 24 23 15 20 0 23
18 15 22 20 16 23 0
