5
22
33 7 68 58 13 77 33 34 70 13 33 61 9 78 49 78 22 2 21 33 73 56
34 71 36 26 9 37 77 27 9 49 60 78 67 65 12 41 68 70 58 14 31 12
78 21 11 49 14 8 68 69 20 22 61 79 27 59 30 18 73 36 31 4 49 45
18 25 47 54 24 9 55 50 10 67 77 68 74 57 78 27 37 65 33 49 26 23
22 43 80 23 68 28 50 38 41 16 78 2 61 13 27 28 50 80 34 62 58 62
0 16 20 22 20 15 22
16 0 18 23 15 20 16
20 18 0 16 18 20 17
22 23 16 0 16 22 17
20 15 18 16 0 17 24
15 20 20 22 17 0 16
22 16 17 17 24 16 0
