5
13
13 64 111 108 82
0 17 21 15 16 24 22
17 0 15 15 18 22 24
21 15 0 24 15 16 25
15 15 24 0 20 17 19
16 18 15 20 0 16 15
24 22 16 17 16 0 19
22 24 25 19 15 19 0
