5
10
31 31 37 2 13
0 16 19 25 18 23 24
16 0 24 24 24 19 25
19 24 0 18 21 25 18
25 24 18 0 22 18 15
18 24 21 22 0 15 24
23 19 25 18 15 0 21
24 25 18 15 24 21 0
