5
4
126 80 111 94
97 11 118 111
63 132 45 74
82 143 83 85
155 21 140 74
0 23 17 19 15 23 22
23 0 15 21 18 24 17
17 15 0 15 25 19 15
19 21 15 0 18 17 21
15 18 25 18 0 20 20
23 24 19 17 20 0 22
22 17 15 21 20 22 0
