5
13
9 2 18 22 19
0 16 19 18 15 20 24
16 0 23 23 16 20 20
19 23 0 22 18 16 21
18 23 22 0 22 24 22
15 16 18 22 0 18 22
20 20 16 24 18 0 15
24 20 21 22 22 15 0
