5
7
61 40 66 43 29
0 21 19 18 16 22 15
21 0 23 22 15 24 16
19 23 0 21 18 23 22
18 22 21 0 18 19 16
16 15 18 18 0 22 16
22 24 23 19 22 0 18
15 16 22 16 16 18 0
