5
13
62 70 80 28 24
0 17 21 24 18 21 15
17 0 24 18 19 16 17
21 24 0 17 23 16 25
24 18 17 0 21 19 15
18 19 23 21 0 18 22
21 16 16 19 18 0 22
15 17 25 15 22 22 0
