5
18
25 4 35 2 24 16 29 16 8 36 15 25 19 4 9 26 29 12
19 38 38 28 26 32 32 26 28 37 39 26 18 17 13 19 12 32
12 29 29 15 22 40 30 26 37 18 20 4 20 40 39 2 30 17
21 11 16 15 2 34 28 6 1 17 8 26 11 22 18 17 24 24
11 30 17 14 16 8 29 1 19 13 35 33 4 13 38 8 33 15
0 20 21 21 20 16 23
20 0 20 25 17 15 20
21 20 0 16 16 19 15
21 25 16 0 18 23 19
20 17 16 18 0 19 23
16 15 19 23 19 0 16
23 20 15 19 23 16 0
