5
10
4 17 9 22 15
0 23 15 20 24 22 24
23 0 17 20 20 15 25
15 17 0 22 18 25 17
20 20 22 0 21 20 24
24 20 18 21 0 25 17
22 15 25 20 25 0 20
24 25 17 24 17 20 0
