5
20
16 40 22 3 11 18 31 10 34 36 25 24 26 10 8 17 10 10 10 30
11 13 40 38 28 30 2 31 33 28 15 1 38 11 23 19 4 23 35 24
39 38 34 8 22 33 27 1 36 35 28 31 12 30 37 5 10 7 5 11
26 5 16 6 19 22 34 32 25 21 30 40 4 38 24 14 22 13 21 9
31 9 6 33 24 5 11 10 14 23 33 12 24 36 39 10 40 7 7 23
0 20 18 19 24 22 19
20 0 20 21 18 24 24
18 20 0 17 17 21 19
19 21 17 0 23 15 22
24 18 17 23 0 18 18
22 24 21 15 18 0 15
19 24 19 22 18 15 0
