5
9
62 75 7 5 26
0 16 22 24 24 24 23
16 0 19 17 20 22 21
22 19 0 16 16 21 20
24 17 16 0 23 25 21
24 20 16 23 0 22 15
24 22 21 25 22 0 18
23 21 20 21 15 18 0
