5
24
36 32 16 38 21 1 75 71 45 55 16 80 25 66 45 41 46 44 61 40 71 31 46 53
45 16 69 78 8 1 37 46 25 78 66 2 78 28 23 72 20 36 54 55 53 58 51 47
15 4 56 2 46 68 27 50 4 50 79 31 6 48 72 38 25 38 26 65 3 65 66 32
79 64 64 43 23 44 17 48 41 77 35 53 16 40 5 23 74 13 4 11 8 53 64 77
15 19 26 39 71 58 51 3 25 34 25 60 71 14 54 24 46 48 68 36 3 21 68 41
0 22 23 23 20 19 20
22 0 21 25 22 15 17
23 21 0 16 23 17 19
23 25 16 0 23 16 16
20 22 23 23 0 20 24
19 15 17 16 20 0 19
20 17 19 16 24 19 0
