5
4
19 40 137 111
51 36 59 152
1 98 91 55
150 74 50 47
139 49 55 31
0 16 17 18 24 21 23
16 0 18 24 16 23 19
17 18 0 19 23 25 19
18 24 19 0 18 22 25
24 16 23 18 0 24 25
21 23 25 22 24 0 20
23 19 19 25 25 20 0
