5
4
82 106 26 69
137 137 135 55
4 158 2 119
159 33 61 96
160 123 46 47
0 15 23 17 15 22 16
15 0 16 16 21 17 21
23 16 0 22 25 18 16
17 16 22 0 17 25 23
15 21 25 17 0 25 16
22 17 18 25 25 0 25
16 21 16 23 16 25 0
