5
10
25 4 35 2 24
0 18 22 18 16 23 18
18 0 21 19 15 17 21
22 21 0 22 17 19 25
18 19 22 0 24 24 25
16 15 17 24 0 21 21
23 17 19 24 21 0 22
18 21 25 25 21 22 0
