5
7
71 17 73 16 10
0 17 20 18 18 18 25
17 0 24 16 25 24 15
20 24 0 16 16 17 23
18 16 16 0 23 18 22
18 25 16 23 0 22 18
18 24 17 18 22 0 16
25 15 23 22 18 16 0
