5
5
94 152 49 4 118
0 23 25 24 19 20 24
23 0 24 25 15 23 16
25 24 0 22 20 25 20
24 25 22 0 21 21 23
19 15 20 21 0 25 20
20 23 25 21 25 0 18
24 16 20 23 20 18 0
