5
20
55 109 45 106 78 96 30 79 35 38 9 33 104 70 120 108 92 90 91 17
87 45 50 113 119 17 33 64 21 1 78 119 39 4 40 105 57 17 113 81
4 115 107 85 78 99 36 23 22 54 49 57 73 83 39 23 111 36 102 83
19 103 62 90 101 96 67 15 119 9 60 53 98 88 69 12 62 43 10 15
104 14 28 88 99 113 86 116 16 23 112 3 85 23 8 71 65 31 117 53
0 24 19 23 23 16 22
24 0 23 25 24 22 17
19 23 0 17 23 20 24
23 25 17 0 19 19 18
23 24 23 19 0 17 18
16 22 20 19 17 0 17
22 17 24 18 18 17 0
