5
8
11 121 66 105 112
0 24 22 23 23 21 18
24 0 23 20 21 21 25
22 23 0 25 21 19 20
23 20 25 0 21 21 22
23 21 21 21 0 19 19
21 21 19 21 19 0 24
18 25 20 22 19 24 0
