5
12
32 67 68 98 75 54 90 76 51 23 1 29
92 69 31 1 78 9 24 77 26 65 100 72
111 17 68 78 49 6 93 103 61 98 70 27
48 89 118 101 83 116 12 114 64 118 73 96
19 87 87 48 29 110 80 70 70 45 36 81
0 24 16 17 23 24 25
24 0 20 20 24 25 15
16 20 0 22 22 15 25
17 20 22 0 25 16 21
23 24 22 25 0 21 20
24 25 15 16 21 0 21
25 15 25 21 20 21 0
