5
12
38 1 116 137 105 15 5 44 127 109 127 92
121 87 156 7 150 58 92 39 119 123 44 116
135 71 33 27 28 114 24 73 86 85 39 3
81 96 109 154 71 126 63 146 136 118 36 91
136 42 151 36 93 141 120 21 137 109 104 53
0 22 15 19 15 24 24
22 0 21 16 20 20 17
15 21 0 22 24 17 16
19 16 22 0 15 23 24
15 20 24 15 0 15 20
24 20 17 23 15 0 25
24 17 16 24 20 25 0
