5
14
37 1 22 53 14 25 48 20 37 51 38 7 44 19
12 79 44 1 44 19 39 63 57 17 23 76 34 35
58 31 6 59 20 8 47 12 10 65 7 65 68 23
20 63 34 74 63 35 65 48 72 39 30 65 19 29
61 14 79 79 36 14 35 65 7 17 4 40 76 17
0 15 18 18 19 19 25
15 0 24 19 20 15 18
18 24 0 15 25 25 24
18 19 15 0 15 24 25
19 20 25 15 0 24 21
19 15 25 24 24 0 18
25 18 24 25 21 18 0
