5
11
153 21 11 100 74
0 25 15 20 15 25 22
25 0 15 21 16 15 20
15 15 0 21 15 19 16
20 21 21 0 20 19 15
15 16 15 20 0 20 21
25 15 19 19 20 0 16
22 20 16 15 21 16 0
