5
6
96 18 51 82 70 72
2 98 37 125 68 51
82 93 99 7 48 87
50 6 111 9 5 56
99 151 111 118 66 44
0 19 22 24 20 16 16
19 0 24 22 24 24 18
22 24 0 25 19 15 21
24 22 25 0 19 25 25
20 24 19 19 0 16 22
16 24 15 25 16 0 17
16 18 21 25 22 17 0
