5
24
116 120 112 100 11 159 134 32 84 126 30 22 123 120 11 68 39 33 49 48 100 134 158 138
149 142 123 87 19 147 137 9 93 80 108 52 91 34 59 115 35 95 82 6 81 77 43 151
104 23 102 126 144 152 119 10 117 62 116 140 32 36 64 124 56 70 159 133 34 139 83 37
144 46 45 70 149 77 119 135 45 3 12 7 1 71 74 44 63 87 89 32 19 127 99 59
70 60 79 20 13 20 107 112 104 18 4 13 142 1 55 95 132 43 105 6 148 141 66 115
0 19 16 18 23 24 23
19 0 19 15 23 25 24
16 19 0 22 16 24 24
18 15 22 0 17 16 22
23 23 16 17 0 21 21
24 25 24 16 21 0 25
23 24 24 22 21 25 0
