5
13
36 32 16 38 21
0 15 24 23 20 21 25
15 0 16 24 18 23 20
24 16 0 20 20 20 22
23 24 20 0 19 23 18
20 18 20 19 0 20 21
21 23 20 23 20 0 20
25 20 22 18 21 20 0
