5
11
20 36 17 6 37
0 22 22 21 21 23 19
22 0 19 22 18 25 21
22 19 0 17 15 18 24
21 22 17 0 15 21 19
21 18 15 15 0 24 18
23 25 18 21 24 0 21
19 21 24 19 18 21 0
