5
12
75 83 86 63 9
0 21 22 17 18 23 25
21 0 17 25 22 23 15
22 17 0 18 18 20 19
17 25 18 0 22 18 18
18 22 18 22 0 25 22
23 23 20 18 25 0 17
25 15 19 18 22 17 0
