5
4
8 67 50 46
9 57 23 74
23 43 72 13
45 28 65 37
58 18 12 6
0 15 15 18 16 15 22
15 0 23 17 25 23 22
15 23 0 22 15 22 23
18 17 22 0 24 17 17
16 25 15 24 0 16 17
15 23 22 17 16 0 20
22 22 23 17 17 20 0
