5
10
26 32 35 30 16 40 17 8 16 34
9 7 29 36 20 3 12 19 36 21
31 15 40 30 2 2 5 29 19 13
22 11 37 39 39 2 40 21 3 5
23 11 25 6 3 29 19 25 7 1
0 16 19 21 16 24 19
16 0 24 18 19 23 21
19 24 0 19 25 17 24
21 18 19 0 17 21 21
16 19 25 17 0 18 16
24 23 17 21 18 0 22
19 21 24 21 16 22 0
