5
13
116 120 112 100 11
0 24 23 16 20 22 16
24 0 16 22 22 15 19
23 16 0 17 17 18 17
16 22 17 0 21 23 24
20 22 17 21 0 23 25
22 15 18 23 23 0 24
16 19 17 24 25 24 0
