5
5
73 121 82 151 123
0 16 19 18 15 18 18
16 0 19 19 21 16 18
19 19 0 21 22 17 24
18 19 21 0 21 15 15
15 21 22 21 0 23 25
18 16 17 15 23 0 17
18 18 24 15 25 17 0
