5
10
7 4 82 3 58 64 125 3 117 136
17 123 129 57 60 10 39 84 52 139
127 130 122 96 112 11 68 39 148 98
1 87 81 134 81 138 113 98 160 25
37 114 79 130 139 114 148 94 123 156
0 16 25 15 17 16 15
16 0 22 16 19 19 15
25 22 0 17 21 17 15
15 16 17 0 19 20 25
17 19 21 19 0 17 20
16 19 17 20 17 0 22
15 15 15 25 20 22 0
