5
10
39 23 23 1 32 23 34 28 37 38
11 11 8 28 22 24 37 9 16 7
39 33 33 4 5 19 19 36 5 33
18 37 23 2 5 6 40 14 25 20
3 38 12 4 31 29 4 40 18 13
0 25 25 25 21 18 25
25 0 21 18 19 17 23
25 21 0 20 22 21 18
25 18 20 0 20 24 25
21 19 22 20 0 25 21
18 17 21 24 25 0 17
25 23 18 25 21 17 0
