5
6
26 32 35 30 16
0 25 24 19 16 18 23
25 0 17 16 22 23 25
24 17 0 19 15 25 25
19 16 19 0 17 19 23
16 22 15 17 0 20 22
18 23 25 19 20 0 18
23 25 25 23 22 18 0
