5
4
40 19 35 13 34
0 17 20 18 15 20 24
17 0 16 23 20 24 22
20 16 0 15 25 21 18
18 23 15 0 23 17 15
15 20 25 23 0 21 15
20 24 21 17 21 0 22
24 22 18 15 15 22 0
