5
20
83 91 29 77 37 71 131 60 71 11 42 97 83 91 152 54 79 75 112 140
29 2 80 24 152 120 94 19 105 15 6 78 40 21 27 69 60 62 34 102
142 112 82 114 53 20 39 53 99 20 64 147 15 46 72 154 153 124 44 25
145 34 26 158 74 55 106 143 131 30 96 95 151 102 60 11 151 152 53 60
65 143 58 158 25 107 101 101 137 142 82 98 1 33 62 91 129 10 87 101
0 19 23 23 17 19 20
19 0 20 23 21 22 21
23 20 0 20 15 20 19
23 23 20 0 19 20 16
17 21 15 19 0 25 22
19 22 20 20 25 0 15
20 21 19 16 22 15 0
