5
4
32 147 96 143 76
0 20 17 20 25 17 24
20 0 20 20 22 22 24
17 20 0 23 21 22 18
20 20 23 0 18 24 25
25 22 21 18 0 24 15
17 22 22 24 24 0 23
24 24 18 25 15 23 0
