5
4
48 65 33 53
85 44 28 1
92 65 91 42
94 62 87 75
114 23 58 3
0 16 18 18 25 24 19
16 0 16 20 23 15 15
18 16 0 21 16 21 16
18 20 21 0 25 20 19
25 23 16 25 0 21 18
24 15 21 20 21 0 20
19 15 16 19 18 20 0
