5
4
106 91 14 126 48
0 17 20 16 19 24 17
17 0 18 22 16 17 21
20 18 0 20 15 17 23
16 22 20 0 19 25 22
19 16 15 19 0 24 17
24 17 17 25 24 0 21
17 21 23 22 17 21 0
