5
16
54 27 22 18 16
0 24 19 23 25 25 25
24 0 19 21 19 15 24
19 19 0 19 15 23 20
23 21 19 0 16 18 24
25 19 15 16 0 21 18
25 15 23 18 21 0 19
25 24 20 24 18 19 0
