5
9
5 68 63 3 45
0 18 15 19 21 22 25
18 0 24 15 15 18 15
15 24 0 22 19 22 24
19 15 22 0 19 19 18
21 15 19 19 0 21 17
22 18 22 19 21 0 17
25 15 24 18 17 17 0
