5
11
106 97 82 112 60
0 17 16 23 19 17 25
17 0 23 17 19 22 19
16 23 0 16 23 22 19
23 17 16 0 19 20 24
19 19 23 19 0 16 22
17 22 22 20 16 0 18
25 19 19 24 22 18 0
