6
8
33 30 78 88 25 11
0 24 16 24 16 15 25 17
24 0 18 24 17 21 22 17
16 18 0 21 23 20 20 24
24 24 21 0 21 22 21 20
16 17 23 21 0 18 17 16
15 21 20 22 18 0 23 17
25 22 20 21 17 23 0 20
17 17 24 20 16 17 20 0
