6
13
16 45 38 17 46 77
0 21 21 18 24 25 20 18
21 0 21 15 18 21 18 22
21 21 0 19 18 25 22 21
18 15 19 0 17 25 16 20
24 18 18 17 0 19 21 20
25 21 25 25 19 0 21 16
20 18 22 16 21 21 0 16
18 22 21 20 20 16 16 0
