6
22
29 82 1 85 2 43 122 11 3 34 146 26 121 10 130 99 36 106 146 33 78 56
8 51 30 27 9 80 32 107 60 111 59 49 62 95 139 60 26 78 157 4 18 78
118 8 19 15 68 130 26 65 85 7 52 92 145 61 148 136 132 109 35 82 15 143
23 139 53 130 64 14 146 111 99 95 120 136 44 37 5 87 48 84 119 60 146 29
77 125 143 49 11 65 38 132 124 128 71 48 73 125 108 58 37 3 68 45 56 114
150 70 108 78 8 153 21 139 23 140 55 74 141 90 136 130 115 132 60 34 151 54
0 21 21 24 25 18 19 15
21 0 24 22 21 20 16 25
21 24 0 16 20 24 18 20
24 22 16 0 23 22 20 22
25 21 20 23 0 21 22 24
18 20 24 22 21 0 21 21
19 16 18 20 22 21 0 20
15 25 20 22 24 21 20 0
