6
10
23 1 30 25 10 12 35 23 21 30
6 4 38 12 17 1 20 40 39 7
18 26 15 37 38 30 24 9 20 8
29 10 29 20 24 18 30 14 15 24
1 11 36 39 40 33 2 39 16 20
32 21 9 2 9 22 4 36 34 40
0 20 18 23 20 17 23 21
20 0 21 16 20 17 16 20
18 21 0 15 17 22 25 15
23 16 15 0 21 20 18 18
20 20 17 21 0 18 15 18
17 17 22 20 18 0 19 15
23 16 25 18 15 19 0 16
21 20 15 18 18 15 16 0
