6
16
2 22 79 14 69 45
0 15 23 23 17 16 18 24
15 0 21 15 24 24 18 15
23 21 0 25 24 24 17 22
23 15 25 0 22 24 19 16
17 24 24 22 0 19 22 23
16 24 24 24 19 0 19 21
18 18 17 19 22 19 0 19
24 15 22 16 23 21 19 0
