6
7
26 116 133 25 120 95
0 20 20 15 20 22 20 23
20 0 23 17 24 24 16 22
20 23 0 17 22 20 17 25
15 17 17 0 16 18 21 16
20 24 22 16 0 16 21 24
22 24 20 18 16 0 19 24
20 16 17 21 21 19 0 19
23 22 25 16 24 24 19 0
