6
14
54 117 82 58 18 99
0 23 17 25 22 16 18 19
23 0 18 18 21 23 22 24
17 18 0 18 19 18 15 23
25 18 18 0 16 19 16 18
22 21 19 16 0 18 15 22
16 23 18 19 18 0 24 21
18 22 15 16 15 24 0 19
19 24 23 18 22 21 19 0
