6
11
8 2 16 19 17 18
0 22 25 23 25 15 24 23
22 0 24 22 23 22 23 16
25 24 0 22 21 20 19 16
23 22 22 0 19 23 22 25
25 23 21 19 0 22 20 25
15 22 20 23 22 0 17 20
24 23 19 22 20 17 0 18
23 16 16 25 25 20 18 0
