6
18
7 41 63 75 2 78 38 1 67 60 65 45 78 10 43 54 51 4
10 25 12 46 75 45 12 43 80 34 47 32 28 2 78 77 31 56
19 40 69 52 58 69 25 47 6 64 72 11 15 4 1 13 33 65
9 33 72 57 40 50 42 14 25 42 21 7 66 10 11 32 74 70
45 11 8 28 72 41 39 41 10 25 50 55 2 25 78 4 15 74
41 79 52 78 33 48 54 27 9 3 8 72 58 21 46 72 10 27
0 22 16 15 21 20 16 17
22 0 25 20 23 25 23 25
16 25 0 16 15 20 24 16
15 20 16 0 21 18 24 15
21 23 15 21 0 19 20 25
20 25 20 18 19 0 16 23
16 23 24 24 20 16 0 22
17 25 16 15 25 23 22 0
