6
12
34 15 13 38 4 26
0 25 24 22 21 19 18 18
25 0 21 24 17 19 24 15
24 21 0 16 20 15 25 15
22 24 16 0 16 25 19 24
21 17 20 16 0 15 23 21
19 19 15 25 15 0 24 23
18 24 25 19 23 24 0 20
18 15 15 24 21 23 20 0
