6
10
50 71 42 33 144 28 40 66 106 50
141 73 154 116 5 33 150 9 125 114
11 28 32 22 84 153 153 107 153 66
83 38 32 138 16 143 58 71 74 82
41 37 78 18 64 20 149 50 75 78
69 106 57 30 71 70 123 137 54 54
0 16 25 20 25 24 23 19
16 0 21 21 15 24 22 22
25 21 0 15 25 25 23 24
20 21 15 0 18 19 19 20
25 15 25 18 0 25 15 21
24 24 25 19 25 0 21 17
23 22 23 19 15 21 0 18
19 22 24 20 21 17 18 0
