6
10
5 5 65 19 11 51 65 78 22 63
35 10 12 24 56 9 77 44 2 66
2 76 73 51 50 73 28 60 55 8
15 49 37 44 33 64 53 53 6 30
60 24 1 76 11 57 63 26 63 62
5 19 70 63 66 41 54 33 32 67
0 16 21 17 20 18 20 21
16 0 17 16 20 18 24 21
21 17 0 16 21 22 20 21
17 16 16 0 22 17 24 19
20 20 21 22 0 22 19 24
18 18 22 17 22 0 20 20
20 24 20 24 19 20 0 15
21 21 21 19 24 20 15 0
