6
11
18 17 33 121 149 118
0 16 22 24 18 16 21 23
16 0 19 25 21 15 16 20
22 19 0 21 24 18 24 23
24 25 21 0 21 23 25 22
18 21 24 21 0 15 24 20
16 15 18 23 15 0 21 22
21 16 24 25 24 21 0 20
23 20 23 22 20 22 20 0
