6
14
85 16 110 50 84 82
0 25 18 16 16 23 21 17
25 0 25 24 16 17 25 20
18 25 0 25 24 17 20 22
16 24 25 0 17 15 22 15
16 16 24 17 0 17 20 25
23 17 17 15 17 0 20 21
21 25 20 22 20 20 0 20
17 20 22 15 25 21 20 0
