6
16
60 97 20 45 37 74 87 99 8 20 144 89 49 74 119 41
77 105 62 144 80 93 53 128 103 9 124 11 43 60 124 16
43 104 70 20 104 132 45 69 149 47 132 120 78 153 98 14
66 134 75 75 13 131 37 49 102 105 94 1 39 156 49 44
105 40 143 160 74 16 25 52 95 60 117 23 89 143 1 65
117 116 158 93 84 105 149 93 45 17 84 90 67 123 59 128
0 18 17 22 20 25 18 15
18 0 15 16 23 25 18 20
17 15 0 23 22 19 24 22
22 16 23 0 16 20 17 19
20 23 22 16 0 17 24 17
25 25 19 20 17 0 23 24
18 18 24 17 24 23 0 18
15 20 22 19 17 24 18 0
