6
7
4 7 69 63 52 55
0 20 17 23 22 20 25 21
20 0 25 16 17 24 15 18
17 25 0 18 16 18 21 25
23 16 18 0 16 23 24 21
22 17 16 16 0 24 19 16
20 24 18 23 24 0 17 23
25 15 21 24 19 17 0 15
21 18 25 21 16 23 15 0
