6
8
26 12 22 34 20 30
0 24 22 21 16 23 24 15
24 0 20 22 24 22 18 25
22 20 0 20 18 23 17 17
21 22 20 0 17 23 15 22
16 24 18 17 0 18 25 17
23 22 23 23 18 0 21 16
24 18 17 15 25 21 0 15
15 25 17 22 17 16 15 0
