6
8
76 50 143 12 37 95 61 17
18 55 79 136 31 106 148 6
4 107 38 15 11 45 1 126
111 129 58 85 128 141 137 137
96 36 109 152 82 82 35 153
62 120 72 36 26 64 23 12
0 24 22 17 24 18 19 22
24 0 25 21 16 19 18 17
22 25 0 23 21 16 22 17
17 21 23 0 23 23 15 15
24 16 21 23 0 23 17 21
18 19 16 23 23 0 19 24
19 18 22 15 17 19 0 23
22 17 17 15 21 24 23 0
