6
16
5 62 32 54 36 23
0 17 16 23 24 15 24 21
17 0 15 19 17 19 17 21
16 15 0 21 23 25 21 18
23 19 21 0 22 22 19 15
24 17 23 22 0 20 16 17
15 19 25 22 20 0 16 19
24 17 21 19 16 16 0 19
21 21 18 15 17 19 19 0
