6
6
155 114 8 85 61 34
76 144 58 155 15 157
100 55 37 18 108 76
5 113 106 47 78 145
20 53 159 25 24 100
10 85 84 69 160 96
0 15 19 21 17 22 19 24
15 0 24 18 21 19 16 21
19 24 0 19 16 21 17 25
21 18 19 0 25 25 15 23
17 21 16 25 0 17 18 22
22 19 21 25 17 0 25 17
19 16 17 15 18 25 0 16
24 21 25 23 22 17 16 0
