6
22
67 80 30 65 57 48 29 64 33 11 56 33 21 27 13 18 79 77 62 62 47 64
39 19 77 22 33 17 21 58 5 8 54 79 30 54 5 16 37 30 13 54 17 24
7 68 55 33 68 79 73 3 46 4 28 34 2 13 15 50 53 64 29 25 50 11
37 52 5 33 19 71 78 35 31 50 72 8 80 71 63 67 2 41 2 23 76 74
78 39 7 58 55 77 5 5 43 60 71 8 53 11 7 60 80 64 68 7 38 23
19 78 32 65 58 8 27 18 62 64 37 62 35 41 27 76 70 22 54 37 23 14
0 17 15 25 19 19 24 19
17 0 22 17 23 20 25 21
15 22 0 15 20 22 15 15
25 17 15 0 21 24 15 21
19 23 20 21 0 20 16 16
19 20 22 24 20 0 20 21
24 25 15 15 16 20 0 17
19 21 15 21 16 21 17 0
