6
14
119 41 47 45 85 101 11 86 63 103 97 90 50 92
85 54 80 1 23 20 49 118 116 36 5 28 107 27
11 54 74 98 85 13 108 9 117 2 116 119 35 65
96 23 45 55 6 7 6 95 85 118 10 95 103 63
9 3 53 28 6 30 61 105 5 50 46 105 61 43
21 6 111 39 8 89 120 23 4 20 98 114 47 96
0 21 25 21 22 24 20 17
21 0 21 18 21 15 15 23
25 21 0 25 23 22 21 16
21 18 25 0 20 20 21 19
22 21 23 20 0 17 25 19
24 15 22 20 17 0 15 15
20 15 21 21 25 15 0 24
17 23 16 19 19 15 24 0
