6
6
62 80 74 19 63 32
58 47 14 48 27 16
57 21 3 18 25 70
53 37 49 63 42 47
51 73 28 39 46 17
7 23 4 57 1 63
0 25 18 15 24 23 19 15
25 0 19 17 21 25 21 17
18 19 0 23 24 16 20 15
15 17 23 0 24 22 16 15
24 21 24 24 0 15 17 19
23 25 16 22 15 0 22 15
19 21 20 16 17 22 0 18
15 17 15 15 19 15 18 0
