6
24
52 18 79 62 2 14 66 29 1 54 64 52 16 64 12 20 35 48 45 41 43 14 49 79
53 23 78 65 24 25 17 10 11 1 15 77 36 49 54 79 58 56 18 36 37 44 53 47
10 32 24 46 33 16 46 40 55 80 5 51 80 56 50 69 3 73 69 8 21 47 42 75
37 12 63 55 64 28 22 26 10 32 54 66 70 30 12 79 20 80 77 37 16 37 4 63
1 40 20 69 16 56 43 13 19 57 64 62 12 52 42 31 67 25 28 9 6 11 26 77
58 71 41 23 48 49 10 5 45 66 21 74 4 11 29 61 45 50 65 41 37 23 63 69
0 18 17 16 16 17 15 20
18 0 25 20 20 18 19 18
17 25 0 17 25 19 18 25
16 20 17 0 17 17 19 22
16 20 25 17 0 19 23 19
17 18 19 17 19 0 18 19
15 19 18 19 23 18 0 16
20 18 25 22 19 19 16 0
