6
15
39 16 58 35 37 65
0 23 21 18 25 15 16 20
23 0 21 18 19 23 20 19
21 21 0 21 16 24 19 15
18 18 21 0 22 22 23 25
25 19 16 22 0 17 21 23
15 23 24 22 17 0 15 20
16 20 19 23 21 15 0 22
20 19 15 25 23 20 22 0
