6
16
23 74 56 70 64 13 8 47 31 61 79 20 78 56 10 8
62 9 7 76 57 61 24 41 72 53 63 40 73 27 71 19
17 7 35 53 29 25 4 25 62 28 79 21 75 66 33 53
8 18 43 26 22 57 60 52 30 70 26 25 63 3 65 14
38 80 39 47 51 35 34 8 10 39 68 47 75 53 6 77
79 30 10 49 37 73 57 1 78 12 60 41 66 44 38 49
0 18 15 25 23 16 19 15
18 0 23 17 21 25 20 17
15 23 0 24 25 21 21 21
25 17 24 0 25 25 24 19
23 21 25 25 0 24 20 18
16 25 21 25 24 0 25 16
19 20 21 24 20 25 0 18
15 17 21 19 18 16 18 0
