6
6
111 104 51 111 45 128
79 132 33 146 39 16
22 104 131 116 81 3
130 67 4 107 63 5
53 158 109 78 111 65
21 147 116 57 147 18
0 20 16 21 18 17 21 18
20 0 16 25 17 20 23 24
16 16 0 17 21 17 17 24
21 25 17 0 24 25 25 15
18 17 21 24 0 20 20 25
17 20 17 25 20 0 15 23
21 23 17 25 20 15 0 24
18 24 24 15 25 23 24 0
