6
24
112 4 83 120 119 17 71 59 65 24 58 103 5 3 4 99 77 30 103 27 29 72 35 79
56 57 61 109 72 114 117 52 61 96 119 14 44 21 75 33 98 84 54 100 100 35 29 86
84 79 103 103 50 114 30 75 71 1 69 71 12 116 59 94 90 58 62 119 36 28 39 90
103 82 56 41 104 98 36 109 87 55 51 88 51 65 34 84 4 61 57 95 31 65 82 79
69 3 25 117 107 72 51 61 47 1 65 102 89 80 44 102 71 110 5 39 63 44 70 99
109 61 47 30 93 67 37 70 12 23 68 107 115 26 49 14 99 95 88 119 70 27 58 73
0 17 21 15 18 22 15 25
17 0 25 21 18 16 18 17
21 25 0 23 19 19 25 19
15 21 23 0 15 21 15 15
18 18 19 15 0 17 24 22
22 16 19 21 17 0 16 17
15 18 25 15 24 16 0 18
25 17 19 15 22 17 18 0
