6
6
14 5 69 63 35 52
0 18 16 22 20 21 20 20
18 0 16 21 15 15 19 17
16 16 0 17 22 17 18 25
22 21 17 0 20 18 24 21
20 15 22 20 0 25 16 15
21 15 17 18 25 0 17 23
20 19 18 24 16 17 0 25
20 17 25 21 15 23 25 0
