6
10
40 73 17 133 112 6
0 21 22 15 17 18 15 21
21 0 24 15 25 19 15 18
22 24 0 15 24 21 23 20
15 15 15 0 21 25 17 23
17 25 24 21 0 23 23 19
18 19 21 25 23 0 17 16
15 15 23 17 23 17 0 24
21 18 20 23 19 16 24 0
