6
4
70 76 13 103 11 43
0 19 20 23 16 17 25 17
19 0 21 15 23 22 21 21
20 21 0 17 24 19 22 19
23 15 17 0 22 22 24 22
16 23 24 22 0 22 17 19
17 22 19 22 22 0 16 17
25 21 22 24 17 16 0 17
17 21 19 22 19 17 17 0
