6
8
5 13 25 24 37 23
0 21 22 19 25 23 18 16
21 0 23 20 22 20 19 25
22 23 0 20 25 21 15 15
19 20 20 0 22 18 23 22
25 22 25 22 0 21 22 20
23 20 21 18 21 0 15 22
18 19 15 23 22 15 0 16
16 25 15 22 20 22 16 0
