6
4
70 15 61 22 24 77
0 16 17 24 19 22 23 15
16 0 25 18 18 22 18 22
17 25 0 25 17 23 19 17
24 18 25 0 24 15 24 16
19 18 17 24 0 24 18 16
22 22 23 15 24 0 21 19
23 18 19 24 18 21 0 16
15 22 17 16 16 19 16 0
