6
4
55 114 71 26 59 67
0 17 19 20 21 15 17 15
17 0 17 23 19 21 17 17
19 17 0 19 19 25 16 21
20 23 19 0 18 16 24 24
21 19 19 18 0 20 15 25
15 21 25 16 20 0 15 20
17 17 16 24 15 15 0 17
15 17 21 24 25 20 17 0
