6
15
23 96 64 114 18 81
0 17 16 25 16 15 18 17
17 0 23 16 18 22 16 21
16 23 0 25 15 21 16 17
25 16 25 0 20 22 17 20
16 18 15 20 0 25 22 19
15 22 21 22 25 0 21 16
18 16 16 17 22 21 0 17
17 21 17 20 19 16 17 0
