6
16
122 117 69 83 21 96 5 107 113 152 49 125 51 36 120 158
102 92 108 53 36 93 33 24 3 64 3 75 52 67 47 23
43 22 43 159 119 96 53 90 148 7 159 41 49 64 117 99
158 49 78 159 138 70 84 108 141 25 34 20 115 138 92 18
48 130 52 119 106 108 65 155 146 52 159 115 12 151 123 93
30 123 79 73 74 39 124 93 89 42 61 135 30 4 57 127
0 19 22 22 19 19 25 17
19 0 17 22 24 25 22 20
22 17 0 25 24 25 20 21
22 22 25 0 18 16 15 15
19 24 24 18 0 24 20 24
19 25 25 16 24 0 20 22
25 22 20 15 20 20 0 18
17 20 21 15 24 22 18 0
