6
12
61 42 49 55 54 41 20 16 41 80 71 45
56 52 29 80 21 20 41 65 43 15 62 34
73 33 40 36 7 8 21 9 17 20 45 11
60 30 28 66 22 72 55 35 27 33 79 73
78 32 11 26 4 25 18 78 17 64 65 13
38 80 8 74 21 13 79 37 36 10 11 3
0 23 18 17 22 24 22 20
23 0 17 15 16 24 25 24
18 17 0 17 18 15 24 23
17 15 17 0 20 20 15 15
22 16 18 20 0 20 25 22
24 24 15 20 20 0 22 21
22 25 24 15 25 22 0 22
20 24 23 15 22 21 22 0
