6
10
3 96 10 85 65 100 97 50 89 6
90 30 91 49 104 73 72 62 76 110
14 29 66 27 78 114 118 47 41 90
43 17 16 13 51 93 107 75 1 17
120 97 63 103 43 12 114 28 68 56
114 28 115 64 2 82 26 101 104 52
0 15 20 19 15 18 18 24
15 0 20 24 24 22 18 21
20 20 0 19 21 25 16 25
19 24 19 0 15 23 15 19
15 24 21 15 0 20 24 17
18 22 25 23 20 0 17 15
18 18 16 15 24 17 0 20
24 21 25 19 17 15 20 0
