6
20
153 81 65 81 65 73 112 1 124 125 124 126 13 16 2 66 31 16 12 145
116 82 147 73 146 106 142 15 79 64 95 106 39 78 75 46 10 4 85 106
73 54 55 24 121 114 57 56 74 23 105 137 159 65 143 119 136 24 145 113
110 48 11 33 116 81 33 56 26 54 89 41 125 81 63 156 37 116 159 18
68 142 21 95 155 60 76 145 9 61 81 158 16 37 134 129 68 95 71 113
19 145 101 132 117 53 41 87 79 9 7 128 91 154 106 9 145 159 7 151
0 16 23 15 19 18 16 17
16 0 18 23 24 23 24 18
23 18 0 15 24 17 25 21
15 23 15 0 23 21 25 21
19 24 24 23 0 19 20 23
18 23 17 21 19 0 16 22
16 24 25 25 20 16 0 20
17 18 21 21 23 22 20 0
