6
13
3 78 43 66 69 60
0 25 15 23 23 23 25 19
25 0 16 22 22 15 25 16
15 16 0 19 21 16 24 25
23 22 19 0 19 25 22 19
23 22 21 19 0 25 22 22
23 15 16 25 25 0 18 23
25 25 24 22 22 18 0 21
19 16 25 19 22 23 21 0
