6
14
35 8 19 10 37 39 19 13 17 31 33 20 33 15
38 7 9 39 9 7 16 10 26 27 10 21 1 32
29 40 2 12 16 28 28 23 4 36 27 25 5 22
37 14 28 37 28 32 25 28 19 34 19 20 29 4
3 27 40 10 27 24 14 4 27 12 10 34 8 34
38 7 22 32 30 24 9 30 15 13 35 23 25 17
0 20 15 23 20 16 16 22
20 0 21 21 22 21 20 21
15 21 0 24 19 21 16 23
23 21 24 0 24 19 22 20
20 22 19 24 0 15 17 20
16 21 21 19 15 0 23 25
16 20 16 22 17 23 0 25
22 21 23 20 20 25 25 0
