6
14
10 27 12 23 31 27
0 24 22 17 20 18 19 15
24 0 18 22 22 23 24 22
22 18 0 15 22 21 23 25
17 22 15 0 20 15 17 17
20 22 22 20 0 19 16 24
18 23 21 15 19 0 17 15
19 24 23 17 16 17 0 25
15 22 25 17 24 15 25 0
