6
26
42 120 64 35 31 126 41 156 113 150 132 114 18 152 6 103 154 99 109 38 124 98 73 118 62 100
58 159 36 50 141 102 85 43 143 20 89 122 87 79 63 4 156 98 133 66 38 4 125 79 134 62
75 19 23 91 73 10 14 7 156 132 110 59 138 144 76 83 101 128 57 51 49 44 28 150 42 131
33 41 154 104 104 38 93 91 99 38 8 27 42 67 148 85 74 24 1 26 157 3 21 17 99 122
78 9 1 31 127 29 49 98 33 118 88 103 73 32 9 28 67 119 7 116 2 10 8 37 134 1
8 143 53 93 51 71 8 6 69 153 142 45 48 61 105 152 92 137 9 6 26 124 65 99 50 68
0 23 20 17 22 23 23 25
23 0 23 18 20 19 17 18
20 23 0 24 24 22 22 22
17 18 24 0 16 24 22 18
22 20 24 16 0 23 17 17
23 19 22 24 23 0 17 15
23 17 22 22 17 17 0 25
25 18 22 18 17 15 25 0
