6
24
42 93 60 23 61 93 102 9 101 18 76 118 40 83 5 96 109 78 87 80 63 10 28 115
103 75 54 13 70 51 115 86 113 105 64 104 22 14 1 15 29 7 104 109 42 62 115 112
101 92 65 103 33 81 99 67 113 113 29 87 46 44 56 37 59 54 2 106 72 13 12 97
28 79 37 27 8 45 85 5 43 95 16 59 75 94 112 35 73 24 73 73 40 39 86 76
10 116 67 28 107 92 94 109 25 66 4 86 34 7 116 14 86 61 73 56 38 110 64 12
14 49 62 61 80 72 85 106 77 63 17 20 77 80 10 109 86 92 39 106 47 2 63 40
0 20 17 23 20 25 16 16
20 0 22 23 20 21 17 24
17 22 0 25 19 21 24 18
23 23 25 0 21 21 21 20
20 20 19 21 0 24 23 24
25 21 21 21 24 0 18 21
16 17 24 21 23 18 0 20
16 24 18 20 24 21 20 0
