6
7
104 39 45 37 45 56
0 18 21 18 15 15 23 19
18 0 20 22 24 15 22 20
21 20 0 16 24 24 16 24
18 22 16 0 22 22 25 16
15 24 24 22 0 18 15 19
15 15 24 22 18 0 23 20
23 22 16 25 15 23 0 21
19 20 24 16 19 20 21 0
