6
4
68 154 41 86
51 73 61 27
24 19 77 129
83 83 27 119
74 11 29 46
13 38 94 46
0 23 24 18 20 24 16 18
23 0 25 20 24 15 19 15
24 25 0 18 19 24 15 15
18 20 18 0 18 25 19 21
20 24 19 18 0 23 17 15
24 15 24 25 23 0 19 21
16 19 15 19 17 19 0 15
18 15 15 21 15 21 15 0
