6
14
50 91 123 48 36 10
0 16 21 21 18 17 21 25
16 0 23 24 20 20 19 24
21 23 0 16 25 25 24 25
21 24 16 0 24 15 20 21
18 20 25 24 0 20 21 15
17 20 25 15 20 0 20 23
21 19 24 20 21 20 0 15
25 24 25 21 15 23 15 0
