6
15
19 38 3 2 26 28
0 20 18 19 23 19 25 19
20 0 24 16 16 19 25 24
18 24 0 25 23 17 19 16
19 16 25 0 22 22 18 16
23 16 23 22 0 25 17 21
19 19 17 22 25 0 24 19
25 25 19 18 17 24 0 25
19 24 16 16 21 19 25 0
