6
16
15 40 15 40 17 38
0 20 16 24 20 18 15 16
20 0 23 25 19 21 17 21
16 23 0 24 18 19 16 18
24 25 24 0 21 23 17 25
20 19 18 21 0 21 24 21
18 21 19 23 21 0 20 18
15 17 16 17 24 20 0 19
16 21 18 25 21 18 19 0
