6
18
52 2 45 133 135 98 112 65 83 104 141 142 70 9 96 7 40 50
65 29 156 38 90 27 5 143 16 135 153 148 110 13 85 78 14 65
113 26 17 152 26 160 33 52 53 19 47 111 18 106 21 112 92 119
57 143 134 160 76 17 151 140 136 91 2 3 84 81 67 102 109 123
27 50 113 131 130 123 126 72 79 90 159 54 121 83 142 154 34 127
144 141 63 104 136 103 5 96 19 154 15 49 148 134 93 152 134 123
0 17 18 22 25 21 20 24
17 0 23 15 24 21 18 24
18 23 0 23 16 21 19 17
22 15 23 0 18 15 20 16
25 24 16 18 0 15 15 23
21 21 21 15 15 0 15 17
20 18 19 20 15 15 0 20
24 24 17 16 23 17 20 0
