6
4
27 84 80 19 12 116
0 22 20 15 25 25 16 17
22 0 22 20 17 19 24 20
20 22 0 17 24 18 20 22
15 20 17 0 18 19 24 25
25 17 24 18 0 23 19 24
25 19 18 19 23 0 15 16
16 24 20 24 19 15 0 15
17 20 22 25 24 16 15 0
