6
18
126 51 69 38 14 116 103 17 37 47 9 158 66 146 123 100 3 93
63 46 20 133 71 72 29 101 8 99 77 26 38 57 70 82 156 81
58 137 5 33 57 131 129 92 25 17 28 84 76 101 47 10 48 53
109 41 23 39 8 6 72 68 153 52 4 89 104 69 53 154 51 160
158 60 100 31 92 41 48 36 108 156 19 117 141 95 59 57 98 24
144 129 126 119 34 22 114 18 29 84 36 51 121 149 40 79 126 81
0 15 20 20 19 15 22 21
15 0 25 16 17 19 19 15
20 25 0 15 18 18 23 20
20 16 15 0 16 23 19 15
19 17 18 16 0 24 25 17
15 19 18 23 24 0 18 24
22 19 23 19 25 18 0 17
21 15 20 15 17 24 17 0
