6
6
20 34 111 15 80 101
0 21 15 25 17 15 24 17
21 0 23 17 17 20 23 15
15 23 0 19 20 25 16 22
25 17 19 0 24 15 24 25
17 17 20 24 0 22 19 20
15 20 25 15 22 0 15 15
24 23 16 24 19 15 0 21
17 15 22 25 20 15 21 0
