6
5
9 6 30 39 12 18
0 16 24 16 23 22 24 23
16 0 21 19 20 25 25 20
24 21 0 16 15 24 19 15
16 19 16 0 25 24 22 20
23 20 15 25 0 24 17 22
22 25 24 24 24 0 24 21
24 25 19 22 17 24 0 24
23 20 15 20 22 21 24 0
