6
22
14 72 56 54 46 40 47 21 12 62 64 42 29 21 68 60 72 53 7 68 18 8
11 12 58 57 20 65 74 72 70 42 3 60 27 79 54 76 33 20 73 36 16 16
71 3 32 55 63 63 65 47 58 38 30 13 70 47 46 42 47 16 21 18 28 35
65 25 39 62 43 34 20 16 3 79 34 69 6 18 33 44 57 18 25 4 29 52
49 17 62 49 9 50 44 21 67 70 2 27 4 69 76 43 46 80 20 79 4 61
68 4 22 1 56 34 36 38 56 70 26 67 42 73 49 44 19 50 47 80 78 2
0 22 16 22 20 23 20 20
22 0 18 24 20 25 19 20
16 18 0 18 23 18 20 20
22 24 18 0 15 21 23 21
20 20 23 15 0 21 15 17
23 25 18 21 21 0 17 22
20 19 20 23 15 17 0 23
20 20 20 21 17 22 23 0
