6
15
27 20 9 38 8 39
0 25 15 21 17 19 21 25
25 0 16 25 20 18 24 16
15 16 0 17 19 21 19 19
21 25 17 0 22 15 17 23
17 20 19 22 0 19 15 20
19 18 21 15 19 0 15 20
21 24 19 17 15 15 0 19
25 16 19 23 20 20 19 0
