6
8
73 40 6 23 28 30
0 17 19 15 15 23 20 22
17 0 20 22 22 18 17 16
19 20 0 22 22 16 23 25
15 22 22 0 19 19 19 25
15 22 22 19 0 18 24 20
23 18 16 19 18 0 22 25
20 17 23 19 24 22 0 20
22 16 25 25 20 25 20 0
