6
14
42 38 74 13 76 32
0 20 17 16 22 22 18 24
20 0 16 25 16 16 15 24
17 16 0 15 25 17 25 17
16 25 15 0 16 25 22 24
22 16 25 16 0 24 24 19
22 16 17 25 24 0 24 17
18 15 25 22 24 24 0 21
24 24 17 24 19 17 21 0
