6
22
103 76 18 107 49 89 59 49 43 2 59 3 15 3 33 120 69 51 59 84 58 34
24 102 101 117 119 29 94 61 73 61 14 82 43 4 45 94 69 59 40 111 68 60
105 113 42 89 102 85 21 6 69 85 118 5 57 109 65 32 101 65 105 12 84 70
54 39 49 89 61 37 18 8 80 56 23 34 88 108 120 97 53 23 36 84 52 4
36 112 5 70 120 105 84 78 38 5 78 54 58 107 110 19 120 23 48 31 38 41
85 26 106 66 31 84 106 36 57 23 8 47 56 25 25 113 104 54 41 91 28 4
0 25 17 21 21 16 15 19
25 0 15 22 18 20 17 21
17 15 0 25 15 25 24 19
21 22 25 0 19 25 18 20
21 18 15 19 0 21 19 15
16 20 25 25 21 0 17 23
15 17 24 18 19 17 0 16
19 21 19 20 15 23 16 0
