6
18
89 89 151 120 71 113 17 35 153 60 146 156 61 37 68 93 109 13
154 79 41 1 85 49 72 122 30 117 43 148 122 101 146 52 140 88
148 56 126 134 65 129 44 58 153 45 81 122 27 17 85 80 65 63
86 34 128 138 53 114 44 25 35 21 63 18 17 71 107 87 80 125
24 159 119 117 117 12 146 59 68 1 93 72 8 112 17 65 141 97
57 95 88 81 2 87 141 123 152 8 112 111 66 1 131 22 31 74
0 24 25 24 21 15 24 24
24 0 19 23 21 23 19 16
25 19 0 25 15 17 21 15
24 23 25 0 15 16 19 16
21 21 15 15 0 23 24 16
15 23 17 16 23 0 18 19
24 19 21 19 24 18 0 25
24 16 15 16 16 19 25 0
