6
8
8 47 56 45 18 59
0 22 22 17 25 17 25 19
22 0 15 20 21 20 16 21
22 15 0 16 21 23 16 22
17 20 16 0 18 23 15 23
25 21 21 18 0 18 17 25
17 20 23 23 18 0 21 21
25 16 16 15 17 21 0 24
19 21 22 23 25 21 24 0
