6
13
40 24 37 20 25 27
0 17 20 22 20 17 17 20
17 0 15 16 18 16 25 25
20 15 0 21 20 18 18 20
22 16 21 0 21 20 24 22
20 18 20 21 0 25 23 15
17 16 18 20 25 0 24 22
17 25 18 24 23 24 0 20
20 25 20 22 15 22 20 0
