6
22
33 31 38 9 27 27 9 26 3 7 24 25 8 37 40 21 20 6 23 12 26 33
40 28 15 38 15 39 27 27 26 20 4 27 9 33 17 27 30 11 4 7 18 26
16 10 18 2 19 3 6 20 16 10 22 35 12 31 20 17 11 28 15 35 16 37
28 30 2 12 1 34 38 36 14 1 25 8 4 39 11 35 29 29 27 5 32 34
35 16 8 25 8 18 28 21 17 36 27 21 36 34 21 32 28 23 18 11 26 5
15 36 40 37 29 25 14 36 17 20 4 29 21 12 38 4 8 28 27 29 7 21
0 25 15 18 23 23 25 18
25 0 25 15 18 20 22 16
15 25 0 16 23 23 18 16
18 15 16 0 22 19 23 16
23 18 23 22 0 16 18 20
23 20 23 19 16 0 21 25
25 22 18 23 18 21 0 22
18 16 16 16 20 25 22 0
