6
16
39 2 16 105 74 64
0 22 17 18 19 25 22 25
22 0 22 16 25 17 23 24
17 22 0 20 25 25 22 25
18 16 20 0 25 17 23 20
19 25 25 25 0 21 16 24
25 17 25 17 21 0 19 24
22 23 22 23 16 19 0 21
25 24 25 20 24 24 21 0
