6
13
7 9 2 18 13 19
0 22 24 21 16 19 18 24
22 0 17 22 17 25 16 21
24 17 0 21 21 15 16 24
21 22 21 0 24 25 18 18
16 17 21 24 0 16 20 24
19 25 15 25 16 0 22 16
18 16 16 18 20 22 0 22
24 21 24 18 24 16 22 0
