6
8
106 109 29 28 100 71
0 24 24 24 18 16 20 19
24 0 17 15 16 21 22 16
24 17 0 21 22 16 16 18
24 15 21 0 23 24 18 22
18 16 22 23 0 23 23 23
16 21 16 24 23 0 19 25
20 22 16 18 23 19 0 25
19 16 18 22 23 25 25 0
