6
12
85 63 138 95 141 109
0 19 19 17 20 15 22 19
19 0 24 18 21 24 16 19
19 24 0 15 21 24 17 21
17 18 15 0 24 17 24 20
20 21 21 24 0 19 20 17
15 24 24 17 19 0 16 18
22 16 17 24 20 16 0 24
19 19 21 20 17 18 24 0
