6
22
3 14 28 84 23 103 71 76 33 12 28 118 3 111 113 34 1 105 7 23 107 95
104 64 41 86 97 112 4 116 53 42 37 99 31 80 90 1 37 46 44 19 23 63
68 4 34 52 118 72 25 82 98 106 106 105 63 19 119 17 86 65 101 97 81 41
6 2 19 57 62 29 55 46 110 62 117 105 69 84 50 11 71 71 99 108 115 3
46 92 115 2 31 12 45 92 37 26 76 33 10 7 5 88 82 44 49 51 6 104
15 111 30 79 17 70 101 17 113 56 67 68 52 14 70 24 31 45 77 74 46 15
0 25 24 22 19 17 19 19
25 0 15 21 24 15 22 24
24 15 0 24 21 16 19 25
22 21 24 0 17 24 19 22
19 24 21 17 0 22 19 23
17 15 16 24 22 0 15 24
19 22 19 19 19 15 0 25
19 24 25 22 23 24 25 0
