6
12
80 69 8 43 8 43 34 34 73 10 63 74
13 64 69 23 43 40 3 34 18 64 72 10
59 4 45 42 24 44 27 13 71 64 49 57
66 30 19 13 76 15 21 42 23 74 54 4
33 79 12 56 28 46 28 57 35 68 9 11
15 51 73 36 41 62 42 54 65 62 58 38
0 20 17 20 20 23 22 15
20 0 19 23 18 19 24 24
17 19 0 15 23 23 15 16
20 23 15 0 20 22 16 19
20 18 23 20 0 21 22 20
23 19 23 22 21 0 18 21
22 24 15 16 22 18 0 20
15 24 16 19 20 21 20 0
