6
5
28 8 30 64 10 50
0 20 20 24 23 16 18 18
20 0 20 16 19 22 16 17
20 20 0 19 16 25 21 21
24 16 19 0 16 19 15 17
23 19 16 16 0 17 17 18
16 22 25 19 17 0 20 22
18 16 21 15 17 20 0 16
18 17 21 17 18 22 16 0
