6
14
40 10 12 20 35 28
0 19 17 19 18 24 25 23
19 0 19 17 17 19 22 25
17 19 0 16 16 15 17 20
19 17 16 0 20 21 24 21
18 17 16 20 0 25 18 24
24 19 15 21 25 0 18 15
25 22 17 24 18 18 0 16
23 25 20 21 24 15 16 0
