6
10
18 7 20 40 36 18 5 2 26 26
31 4 26 21 15 35 6 2 12 19
25 5 25 33 2 32 28 6 33 9
24 23 26 6 40 22 37 22 21 22
13 15 33 38 12 25 5 8 10 25
21 23 29 1 24 30 28 18 34 11
0 21 25 24 21 17 20 23
21 0 25 23 18 19 24 25
25 25 0 17 16 24 20 24
24 23 17 0 19 18 15 18
21 18 16 19 0 25 25 20
17 19 24 18 25 0 16 15
20 24 20 15 25 16 0 17
23 25 24 18 20 15 17 0
