6
9
60 122 91 98 22 33
0 20 20 15 23 19 24 18
20 0 22 22 21 19 19 19
20 22 0 16 22 23 23 23
15 22 16 0 18 22 24 17
23 21 22 18 0 22 20 15
19 19 23 22 22 0 16 20
24 19 23 24 20 16 0 20
18 19 23 17 15 20 20 0
