6
6
34 20 1 12 5 24
0 20 18 22 17 24 24 24
20 0 20 19 15 18 16 24
18 20 0 25 22 22 22 23
22 19 25 0 22 25 22 18
17 15 22 22 0 15 15 23
24 18 22 25 15 0 24 19
24 16 22 22 15 24 0 20
24 24 23 18 23 19 20 0
