6
20
6 107 73 17 94 5 15 89 116 26 5 32 117 37 99 28 119 46 74 7
76 95 87 2 98 3 103 81 102 18 95 76 4 97 68 45 47 108 26 12
112 81 50 98 20 119 76 109 6 94 67 54 86 20 118 80 88 7 66 114
18 27 64 9 70 85 23 30 8 22 91 7 115 37 77 39 40 91 8 119
1 102 51 96 36 15 38 40 60 68 60 2 119 15 74 84 53 118 77 75
5 68 17 85 107 4 100 87 99 8 34 37 102 85 57 73 16 40 4 61
0 23 23 15 16 16 16 23
23 0 15 20 20 17 22 15
23 15 0 18 15 22 15 16
15 20 18 0 20 25 18 24
16 20 15 20 0 20 20 20
16 17 22 25 20 0 18 17
16 22 15 18 20 18 0 15
23 15 16 24 20 17 15 0
