6
10
26 61 21 70 63 24 37 50 9 42
45 12 10 27 26 23 65 8 12 54
29 35 31 39 62 60 59 45 18 67
7 66 5 6 64 55 60 70 77 10
64 38 4 2 23 3 33 7 50 37
3 28 63 35 74 18 78 64 70 66
0 24 16 25 23 20 16 15
24 0 21 24 24 23 19 23
16 21 0 17 21 25 25 21
25 24 17 0 17 17 20 18
23 24 21 17 0 18 21 15
20 23 25 17 18 0 23 23
16 19 25 20 21 23 0 23
15 23 21 18 15 23 23 0
