6
7
34 34 19 6 19 10
0 21 19 19 18 25 18 19
21 0 19 23 20 21 23 19
19 19 0 17 23 21 20 19
19 23 17 0 21 20 21 16
18 20 23 21 0 24 24 23
25 21 21 20 24 0 16 25
18 23 20 21 24 16 0 17
19 19 19 16 23 25 17 0
