6
10
153 81 65 81 65 73
0 21 15 22 22 22 25 22
21 0 15 15 15 19 16 15
15 15 0 15 24 22 20 24
22 15 15 0 19 24 21 23
22 15 24 19 0 15 19 18
22 19 22 24 15 0 20 21
25 16 20 21 19 20 0 17
22 15 24 23 18 21 17 0
