6
24
26 3 18 13 9 7 36 4 11 33 12 28 30 23 27 4 14 9 32 37 15 5 32 35
9 19 22 37 5 5 15 36 37 9 33 3 28 30 11 29 24 5 35 22 8 35 29 8
5 2 40 23 35 5 12 10 27 25 32 25 25 34 21 6 2 14 35 31 10 15 38 33
5 39 12 4 7 11 29 18 7 13 23 39 6 10 24 1 5 12 36 17 36 16 23 12
16 26 9 4 3 13 16 39 14 40 5 14 8 11 32 22 38 16 26 1 7 6 34 4
8 21 23 31 24 38 34 12 28 7 20 3 10 26 27 40 25 7 38 9 32 15 29 23
0 16 20 20 19 22 23 18
16 0 19 20 21 18 24 17
20 19 0 22 21 16 18 25
20 20 22 0 16 23 25 17
19 21 21 16 0 22 15 24
22 18 16 23 22 0 19 23
23 24 18 25 15 19 0 23
18 17 25 17 24 23 23 0
