6
9
53 33 77 78 12 33
0 21 20 22 24 16 20 16
21 0 17 16 20 23 24 25
20 17 0 16 18 18 24 17
22 16 16 0 23 22 24 22
24 20 18 23 0 24 22 24
16 23 18 22 24 0 17 24
20 24 24 24 22 17 0 16
16 25 17 22 24 24 16 0
