6
12
27 21 8 30 25 4
0 22 20 15 16 23 17 25
22 0 24 17 24 17 19 24
20 24 0 25 18 19 15 22
15 17 25 0 25 25 22 21
16 24 18 25 0 17 16 15
23 17 19 25 17 0 16 24
17 19 15 22 16 16 0 24
25 24 22 21 15 24 24 0
