6
12
90 94 84 104 108 34 29 9 51 71 65 59
117 119 109 24 80 75 16 91 61 35 93 50
50 61 48 73 90 60 46 45 79 68 57 1
59 47 45 28 73 10 8 49 97 86 99 40
63 44 59 89 75 116 41 88 17 109 48 68
5 97 85 32 47 82 89 32 9 39 100 51
0 24 19 22 19 17 17 17
24 0 21 23 20 18 17 17
19 21 0 18 25 23 25 23
22 23 18 0 22 18 20 17
19 20 25 22 0 24 24 16
17 18 23 18 24 0 25 20
17 17 25 20 24 25 0 20
17 17 23 17 16 20 20 0
