6
8
70 45 81 18 81 44
0 23 15 24 22 18 22 23
23 0 23 25 24 17 18 24
15 23 0 17 16 18 16 24
24 25 17 0 15 15 25 21
22 24 16 15 0 22 20 25
18 17 18 15 22 0 25 17
22 18 16 25 20 25 0 15
23 24 24 21 25 17 15 0
