6
15
42 55 18 31 60 75
0 16 15 16 25 19 24 20
16 0 19 16 21 21 21 15
15 19 0 22 24 17 17 16
16 16 22 0 21 24 23 21
25 21 24 21 0 24 22 15
19 21 17 24 24 0 24 16
24 21 17 23 22 24 0 19
20 15 16 21 15 16 19 0
