6
26
3 78 43 66 69 60 1 65 68 72 40 15 63 60 6 9 36 56 13 77 36 57 36 59 57 31
71 52 48 79 36 64 57 13 53 80 59 11 60 62 50 79 65 23 2 59 44 39 77 38 1 45
68 37 60 52 8 54 39 17 21 41 69 26 69 26 69 56 57 14 77 1 6 61 37 5 69 30
6 41 77 13 38 41 29 28 47 24 74 45 46 41 77 75 64 27 26 5 38 43 66 45 79 11
44 10 5 6 79 12 9 2 58 14 19 20 50 4 70 43 38 2 40 11 69 6 74 37 43 30
14 43 56 78 37 65 39 38 5 54 27 39 70 30 48 42 51 54 23 1 2 18 39 55 1 26
0 25 24 15 19 25 23 23
25 0 15 21 22 19 18 22
24 15 0 20 23 25 21 24
15 21 20 0 20 18 16 17
19 22 23 20 0 24 23 20
25 19 25 18 24 0 22 24
23 18 21 16 23 22 0 25
23 22 24 17 20 24 25 0
