6
6
43 71 73 35 25 3
120 71 129 7 12 43
119 61 103 85 122 150
18 120 9 107 107 59
37 54 128 40 71 94
92 26 27 140 62 4
0 17 15 17 24 16 25 15
17 0 21 22 20 17 24 16
15 21 0 20 18 16 20 20
17 22 20 0 24 16 22 21
24 20 18 24 0 24 23 22
16 17 16 16 24 0 18 18
25 24 20 22 23 18 0 15
15 16 20 21 22 18 15 0
