6
4
15 66 41 68
69 52 37 66
49 46 18 62
10 60 77 39
33 1 65 60
39 17 55 37
0 20 19 17 16 22 19 23
20 0 16 19 16 15 21 18
19 16 0 21 21 22 20 25
17 19 21 0 19 22 18 15
16 16 21 19 0 19 20 22
22 15 22 22 19 0 17 19
19 21 20 18 20 17 0 21
23 18 25 15 22 19 21 0
