6
4
64 103 51 61
106 98 79 83
74 70 43 21
72 108 55 32
114 113 58 29
48 110 61 9
0 25 20 21 22 20 16 22
25 0 17 24 18 23 15 19
20 17 0 19 23 18 18 20
21 24 19 0 15 24 24 19
22 18 23 15 0 18 23 22
20 23 18 24 18 0 20 19
16 15 18 24 23 20 0 20
22 19 20 19 22 19 20 0
