6
10
66 44 23 111 47 120 27 49 113 82
20 1 34 92 37 117 111 47 9 106
112 21 7 38 87 8 25 120 76 62
11 75 25 114 100 22 65 119 61 17
66 75 111 35 35 53 98 11 9 100
75 75 109 31 11 40 72 99 59 78
0 24 25 22 25 22 24 25
24 0 24 24 25 15 21 22
25 24 0 21 18 20 15 16
22 24 21 0 22 19 24 19
25 25 18 22 0 15 22 22
22 15 20 19 15 0 23 19
24 21 15 24 22 23 0 22
25 22 16 19 22 19 22 0
