6
4
26 37 19 34
30 14 20 6
13 16 8 12
17 35 9 23
2 21 3 18
5 9 3 24
0 15 19 17 21 24 24 24
15 0 16 18 18 20 23 24
19 16 0 21 21 19 24 21
17 18 21 0 18 18 15 20
21 18 21 18 0 15 20 24
24 20 19 18 15 0 23 24
24 23 24 15 20 23 0 25
24 24 21 20 24 24 25 0
