6
5
2 36 51 51 6 48
0 21 17 20 17 18 20 23
21 0 20 15 15 18 20 17
17 20 0 24 24 19 23 18
20 15 24 0 15 24 21 24
17 15 24 15 0 18 16 19
18 18 19 24 18 0 18 20
20 20 23 21 16 18 0 25
23 17 18 24 19 20 25 0
