6
14
65 18 19 10 128 26
0 21 23 16 23 19 17 19
21 0 20 15 22 16 24 16
23 20 0 23 19 24 15 17
16 15 23 0 22 16 25 25
23 22 19 22 0 18 24 15
19 16 24 16 18 0 22 21
17 24 15 25 24 22 0 25
19 16 17 25 15 21 25 0
