6
14
17 61 88 80 25 38 7 6 95 117 80 58 85 27
1 3 12 68 23 54 113 7 2 93 115 45 3 62
65 74 55 104 54 109 72 106 88 108 99 22 29 63
69 72 118 39 51 109 79 115 67 101 45 104 86 85
49 82 66 92 53 25 57 2 38 50 114 32 88 71
90 19 13 15 13 16 32 9 82 92 22 30 113 41
0 19 15 22 25 21 20 24
19 0 19 18 18 25 24 20
15 19 0 19 25 19 24 23
22 18 19 0 20 15 19 20
25 18 25 20 0 23 15 18
21 25 19 15 23 0 20 25
20 24 24 19 15 20 0 25
24 20 23 20 18 25 25 0
