6
7
71 49 65 15 57 108
0 17 16 17 19 18 18 15
17 0 24 23 19 20 16 15
16 24 0 17 23 15 16 20
17 23 17 0 22 17 19 22
19 19 23 22 0 15 24 19
18 20 15 17 15 0 17 17
18 16 16 19 24 17 0 16
15 15 20 22 19 17 16 0
