6
11
59 49 56 37 65 2
0 23 23 20 16 15 17 21
23 0 25 22 24 18 15 16
23 25 0 19 16 19 25 17
20 22 19 0 17 19 25 24
16 24 16 17 0 23 21 20
15 18 19 19 23 0 19 23
17 15 25 25 21 19 0 16
21 16 17 24 20 23 16 0
