6
8
15 1 37 18 32 22 6 20
16 11 6 37 5 9 16 21
37 1 34 19 18 27 9 28
32 33 37 12 23 38 32 39
35 36 16 5 25 23 9 2
18 32 4 14 9 11 13 4
0 21 20 20 17 18 20 25
21 0 25 21 19 20 25 17
20 25 0 15 19 15 18 25
20 21 15 0 15 23 25 16
17 19 19 15 0 19 17 16
18 20 15 23 19 0 16 16
20 25 18 25 17 16 0 19
25 17 25 16 16 16 19 0
