6
26
38 80 64 63 11 89 55 26 8 83 38 57 90 114 35 72 26 85 90 112 2 18 46 60 113 113
4 52 108 8 47 30 62 67 80 40 30 94 2 101 10 28 28 108 98 108 11 58 93 81 3 53
28 50 117 55 48 81 107 45 109 43 2 114 48 56 72 115 54 107 106 92 66 48 37 29 38 34
99 63 119 111 56 94 76 35 7 106 22 20 1 112 26 64 16 2 31 90 97 116 41 78 94 56
35 81 23 83 101 3 97 100 1 45 61 52 109 120 64 58 48 88 44 23 94 112 19 55 97 27
45 67 54 79 99 58 88 6 102 83 63 86 119 120 29 35 66 78 104 30 59 109 74 106 88 28
0 15 16 22 21 20 18 22
15 0 16 21 18 24 21 20
16 16 0 18 16 22 22 21
22 21 18 0 20 15 15 24
21 18 16 20 0 19 21 15
20 24 22 15 19 0 20 15
18 21 22 15 21 20 0 22
22 20 21 24 15 15 22 0
