6
11
67 80 30 65 57 48
0 18 22 19 16 21 25 25
18 0 25 19 17 18 16 17
22 25 0 24 24 22 22 20
19 19 24 0 22 19 17 24
16 17 24 22 0 17 25 19
21 18 22 19 17 0 17 17
25 16 22 17 25 17 0 22
25 17 20 24 19 17 22 0
