6
8
27 84 80 19 12 116 63 44
92 2 117 83 84 13 18 61
46 107 20 33 75 47 24 76
31 48 60 25 107 38 77 115
82 102 68 34 78 96 8 15
2 99 9 115 36 17 100 12
0 24 16 24 19 17 23 25
24 0 19 25 18 18 21 15
16 19 0 24 24 15 20 20
24 25 24 0 23 24 21 15
19 18 24 23 0 20 23 22
17 18 15 24 20 0 23 21
23 21 20 21 23 23 0 15
25 15 20 15 22 21 15 0
