6
24
78 21 43 1 62 76 71 43 27 12 22 54 61 14 76 51 9 70 51 57 36 7 37 34
1 50 73 1 60 49 26 71 11 50 31 62 21 59 24 44 50 7 37 41 12 79 6 79
16 38 54 77 12 51 34 70 49 29 60 11 24 61 34 8 55 75 79 6 70 24 41 15
73 64 14 23 42 45 79 75 3 34 77 74 14 8 12 36 78 37 33 67 1 78 25 32
12 25 22 49 71 34 67 35 8 79 78 14 6 51 26 17 11 45 59 49 39 72 16 53
80 77 51 68 79 31 57 8 9 76 41 68 66 6 44 37 3 60 4 36 14 44 31 71
0 21 25 24 22 24 20 23
21 0 18 23 20 21 22 21
25 18 0 24 24 17 20 15
24 23 24 0 25 24 21 25
22 20 24 25 0 24 17 21
24 21 17 24 24 0 21 21
20 22 20 21 17 21 0 24
23 21 15 25 21 21 24 0
