6
22
53 89 104 73 126 79 120 97 11 157 20 58 16 119 99 40 112 134 69 154 13 92
117 80 46 109 94 124 141 60 48 106 147 66 106 81 7 89 26 87 115 149 119 79
99 8 140 113 47 155 112 11 112 132 124 139 105 111 149 20 83 49 131 68 55 13
34 73 6 90 7 36 154 14 109 8 74 13 5 112 111 47 147 48 7 55 135 103
57 81 37 96 3 100 98 80 149 52 54 8 63 25 46 121 68 13 21 29 105 67
72 102 93 150 52 115 113 72 23 37 34 147 120 126 129 148 101 55 9 11 118 19
0 19 21 20 19 19 17 17
19 0 15 19 23 25 15 23
21 15 0 19 17 24 16 21
20 19 19 0 25 25 18 25
19 23 17 25 0 23 20 21
19 25 24 25 23 0 22 18
17 15 16 18 20 22 0 22
17 23 21 25 21 18 22 0
