6
22
8 160 121 143 141 107 82 102 70 89 92 127 121 49 17 8 26 67 82 123 97 27
94 77 105 158 113 93 61 146 41 159 100 146 116 100 103 141 119 101 110 62 112 103
50 82 50 133 152 104 153 6 126 95 30 55 77 159 14 74 124 115 154 19 8 102
78 72 123 100 4 51 128 22 32 112 2 120 36 149 64 112 95 21 140 33 14 71
127 26 135 106 134 155 102 155 34 127 118 73 9 79 123 137 61 85 39 131 104 145
48 8 5 78 155 158 152 88 114 114 77 65 51 119 108 109 119 44 3 33 76 125
0 22 15 22 17 24 19 17
22 0 18 25 24 19 21 24
15 18 0 20 22 19 19 20
22 25 20 0 23 15 25 20
17 24 22 23 0 17 22 22
24 19 19 15 17 0 17 19
19 21 19 25 22 17 0 15
17 24 20 20 22 19 15 0
