6
14
34 34 19 6 19 10 28 19 20 13 13 17 18 33
22 27 35 20 12 33 28 23 20 25 23 28 8 38
40 36 6 12 19 24 31 18 14 32 21 32 40 8
18 6 8 25 11 25 9 15 4 32 28 38 40 37
26 18 30 20 27 17 22 15 25 30 12 29 29 31
31 27 5 25 5 9 26 29 16 31 21 32 25 34
0 15 19 21 17 15 25 20
15 0 23 23 18 21 23 24
19 23 0 25 25 20 18 18
21 23 25 0 22 15 21 18
17 18 25 22 0 24 21 18
15 21 20 15 24 0 15 20
25 23 18 21 21 15 0 17
20 24 18 18 18 20 17 0
