6
7
92 89 131 107 3 58
0 23 22 21 20 17 21 24
23 0 23 21 21 17 16 25
22 23 0 20 22 22 23 17
21 21 20 0 21 16 18 25
20 21 22 21 0 18 20 17
17 17 22 16 18 0 25 24
21 16 23 18 20 25 0 24
24 25 17 25 17 24 24 0
