6
8
56 44 21 41 31 40 72 5
2 22 37 61 48 12 49 18
50 3 45 24 76 61 2 50
44 40 19 25 57 75 27 36
7 47 32 52 4 8 1 41
76 34 80 68 59 4 37 2
0 22 17 16 21 16 16 18
22 0 18 20 22 20 24 24
17 18 0 16 19 15 18 24
16 20 16 0 19 19 20 18
21 22 19 19 0 19 20 19
16 20 15 19 19 0 16 18
16 24 18 20 20 16 0 22
18 24 24 18 19 18 22 0
