6
11
53 89 104 73 126 79
0 22 21 15 24 16 18 15
22 0 22 21 25 17 25 21
21 22 0 23 25 19 24 15
15 21 23 0 25 20 22 19
24 25 25 25 0 17 21 20
16 17 19 20 17 0 22 23
18 25 24 22 21 22 0 18
15 21 15 19 20 23 18 0
