6
18
47 30 69 5 111 110 1 39 80 11 28 36 47 59 80 119 83 54
79 23 22 31 2 9 55 52 114 58 110 25 79 5 13 21 110 84
36 20 23 42 56 41 72 63 63 1 2 99 14 63 55 49 3 6
68 69 40 90 66 65 34 63 103 60 101 37 117 59 61 106 94 48
67 29 18 27 10 87 98 5 104 13 94 82 90 19 71 91 12 38
94 43 77 15 107 80 80 66 45 66 34 67 80 87 6 11 111 17
0 17 17 24 20 17 15 17
17 0 23 18 24 24 15 25
17 23 0 24 15 21 20 19
24 18 24 0 18 24 22 20
20 24 15 18 0 15 21 15
17 24 21 24 15 0 21 24
15 15 20 22 21 21 0 18
17 25 19 20 15 24 18 0
