6
6
3 105 57 19 43 114
53 47 119 80 52 101
22 29 31 31 1 106
96 13 64 72 53 16
67 46 92 3 115 34
105 108 105 13 80 110
0 24 25 19 15 18 16 25
24 0 18 20 17 22 22 24
25 18 0 23 15 17 15 17
19 20 23 0 24 22 19 18
15 17 15 24 0 23 23 21
18 22 17 22 23 0 17 18
16 22 15 19 23 17 0 24
25 24 17 18 21 18 24 0
