6
12
151 126 51 1 152 87 97 136 23 52 66 120
68 40 2 81 137 74 151 54 91 108 39 37
130 127 125 127 79 28 41 109 80 133 112 80
70 18 131 117 127 102 159 38 71 105 113 155
61 4 36 95 30 84 159 154 65 119 67 133
16 19 58 157 125 160 108 74 75 48 102 123
0 18 22 20 18 22 24 20
18 0 19 18 17 22 19 18
22 19 0 23 23 23 20 15
20 18 23 0 20 24 19 24
18 17 23 20 0 22 21 22
22 22 23 24 22 0 17 17
24 19 20 19 21 17 0 18
20 18 15 24 22 17 18 0
