6
26
16 45 38 17 46 77 55 49 27 77 41 32 51 6 26 54 26 59 37 30 58 51 18 15 47 36
55 47 53 16 12 50 14 31 60 18 4 19 60 10 75 12 74 1 52 8 18 52 68 21 25 37
73 8 29 53 45 63 76 15 72 65 46 41 45 66 49 24 31 39 67 70 7 10 80 58 10 52
23 46 78 64 40 71 26 77 66 62 66 56 47 69 52 40 69 60 70 15 28 70 28 61 54 19
22 65 1 11 26 37 49 62 72 73 43 34 61 37 36 21 44 43 80 26 43 34 36 6 35 16
68 18 8 74 36 16 42 68 48 69 47 12 34 79 56 35 42 2 37 57 15 4 36 49 27 55
0 15 18 15 20 19 23 24
15 0 25 15 17 21 22 20
18 25 0 17 22 25 22 22
15 15 17 0 24 23 15 23
20 17 22 24 0 17 18 21
19 21 25 23 17 0 16 15
23 22 22 15 18 16 0 15
24 20 22 23 21 15 15 0
