6
8
118 47 113 32 81 45
0 16 15 17 20 17 19 19
16 0 16 17 19 25 18 21
15 16 0 20 17 15 22 22
17 17 20 0 22 21 16 23
20 19 17 22 0 24 17 17
17 25 15 21 24 0 25 18
19 18 22 16 17 25 0 22
19 21 22 23 17 18 22 0
