6
10
2 30 12 4 24 13
0 25 18 19 22 21 21 19
25 0 21 17 24 19 21 20
18 21 0 18 16 25 23 20
19 17 18 0 17 15 22 18
22 24 16 17 0 16 16 24
21 19 25 15 16 0 22 16
21 21 23 22 16 22 0 21
19 20 20 18 24 16 21 0
