6
16
13 37 35 3 7 30 25 32 1 3 23 30 39 34 23 14
16 31 21 36 18 26 15 16 29 3 25 16 38 1 3 5
26 24 33 13 39 17 32 34 5 6 16 7 18 39 21 29
14 40 2 4 24 16 22 4 28 5 40 3 22 6 18 39
4 13 21 19 40 36 18 24 35 9 17 22 32 29 32 31
1 10 37 14 15 34 14 35 15 32 5 40 3 38 13 20
0 18 23 18 16 20 16 23
18 0 19 24 16 17 24 18
23 19 0 23 18 17 15 25
18 24 23 0 24 25 20 20
16 16 18 24 0 17 18 22
20 17 17 25 17 0 15 24
16 24 15 20 18 15 0 18
23 18 25 20 22 24 18 0
