6
13
4 21 10 31 16 27
0 16 20 16 15 23 21 18
16 0 23 20 21 17 19 19
20 23 0 17 24 19 18 17
16 20 17 0 18 21 16 16
15 21 24 18 0 24 19 24
23 17 19 21 24 0 15 22
21 19 18 16 19 15 0 15
18 19 17 16 24 22 15 0
