6
14
42 6 70 65 45 57 31 50 77 18 66 25 32 54
60 64 5 4 10 58 65 58 42 5 61 29 53 49
4 40 62 48 45 70 8 48 45 23 21 56 32 23
44 21 14 77 39 68 63 51 28 38 9 25 39 17
56 69 66 23 80 4 67 71 4 44 77 37 31 52
78 14 23 48 27 27 35 51 70 64 49 65 79 7
0 22 24 22 23 16 23 17
22 0 16 23 19 21 23 18
24 16 0 23 21 19 23 22
22 23 23 0 20 17 21 22
23 19 21 20 0 20 17 24
16 21 19 17 20 0 15 23
23 23 23 21 17 15 0 17
17 18 22 22 24 23 17 0
