6
26
132 20 39 61 24 14 156 35 91 104 109 129 150 58 144 123 142 88 150 26 11 155 77 82 40 127
90 13 139 114 70 40 12 141 116 79 117 136 93 80 34 50 48 160 42 1 39 38 54 12 152 130
95 34 37 28 132 51 116 51 155 133 6 147 60 59 119 133 135 12 104 43 63 22 97 39 101 36
17 42 95 59 90 138 132 24 113 44 72 11 157 158 106 36 10 110 79 84 141 59 54 115 145 61
149 139 88 88 142 82 68 69 10 110 7 90 160 62 125 148 73 23 121 51 72 3 127 34 120 14
73 14 134 38 47 109 118 69 41 49 125 13 7 78 21 136 91 143 102 89 70 111 156 82 18 77
0 22 25 15 17 17 25 19
22 0 21 15 23 25 17 25
25 21 0 24 21 19 18 24
15 15 24 0 22 18 21 18
17 23 21 22 0 15 19 22
17 25 19 18 15 0 15 15
25 17 18 21 19 15 0 16
19 25 24 18 22 15 16 0
