6
8
70 15 61 22 24 77 14 19
79 36 57 70 5 28 32 61
25 57 17 70 36 24 74 2
73 9 77 29 12 49 39 14
72 79 38 78 10 20 65 37
37 42 1 41 22 39 38 63
0 15 21 16 20 18 16 20
15 0 19 16 18 23 20 19
21 19 0 24 25 25 22 22
16 16 24 0 22 18 21 19
20 18 25 22 0 21 23 15
18 23 25 18 21 0 17 23
16 20 22 21 23 17 0 23
20 19 22 19 15 23 23 0
