6
24
40 32 38 9 33 35 23 23 25 34 21 29 9 25 29 37 33 37 18 16 22 17 40 34
30 40 18 9 6 36 7 22 28 38 38 39 6 15 37 21 10 13 32 17 30 6 35 3
29 21 4 17 23 21 2 11 36 27 25 26 18 27 30 1 11 29 39 35 31 5 27 8
27 28 27 8 3 14 26 22 29 30 39 23 20 24 3 28 26 2 4 27 12 18 32 7
7 17 21 5 15 10 15 30 24 29 37 20 14 18 20 13 29 37 36 33 37 26 21 37
25 25 12 14 14 13 29 11 3 36 13 31 10 12 25 3 40 34 6 18 34 15 31 38
0 19 25 17 22 15 22 20
19 0 19 17 21 17 17 17
25 19 0 20 20 22 22 21
17 17 20 0 21 17 23 20
22 21 20 21 0 24 25 20
15 17 22 17 24 0 24 21
22 17 22 23 25 24 0 19
20 17 21 20 20 21 19 0
