6
12
75 42 147 102 92 151 94 24 43 158 89 155
156 103 12 130 100 15 84 7 65 146 139 19
104 95 139 21 4 131 84 7 37 60 126 157
135 47 71 139 126 147 143 145 121 119 28 29
150 62 29 12 120 84 157 30 114 144 85 126
81 91 33 55 139 24 91 85 132 95 63 97
0 17 24 21 25 17 23 16
17 0 23 23 23 17 15 17
24 23 0 23 22 20 16 19
21 23 23 0 19 20 15 22
25 23 22 19 0 25 25 17
17 17 20 20 25 0 22 18
23 15 16 15 25 22 0 23
16 17 19 22 17 18 23 0
