6
5
31 8 11 27 13 11
0 22 24 20 17 19 18 15
22 0 25 17 15 17 16 24
24 25 0 15 20 22 20 22
20 17 15 0 21 21 23 21
17 15 20 21 0 16 16 25
19 17 22 21 16 0 21 15
18 16 20 23 16 21 0 19
15 24 22 21 25 15 19 0
