6
8
23 74 56 70 64 13
0 15 20 18 22 24 17 24
15 0 21 16 15 22 16 15
20 21 0 24 22 22 17 20
18 16 24 0 23 21 22 19
22 15 22 23 0 24 18 23
24 22 22 21 24 0 17 17
17 16 17 22 18 17 0 25
24 15 20 19 23 17 25 0
