6
10
115 147 28 13 139 121
0 16 23 24 23 16 18 24
16 0 23 25 24 18 25 16
23 23 0 17 17 16 24 15
24 25 17 0 25 23 25 17
23 24 17 25 0 19 23 16
16 18 16 23 19 0 15 23
18 25 24 25 23 15 0 15
24 16 15 17 16 23 15 0
