6
16
49 20 23 60 49 10
0 19 19 24 17 23 20 21
19 0 25 24 15 15 25 15
19 25 0 16 22 19 24 23
24 24 16 0 19 19 17 21
17 15 22 19 0 21 25 18
23 15 19 19 21 0 21 17
20 25 24 17 25 21 0 16
21 15 23 21 18 17 16 0
