6
13
61 40 153 59 126 64
0 16 15 24 20 15 24 20
16 0 25 24 21 25 15 19
15 25 0 25 21 18 19 23
24 24 25 0 24 21 25 22
20 21 21 24 0 16 23 22
15 25 18 21 16 0 18 24
24 15 19 25 23 18 0 23
20 19 23 22 22 24 23 0
