6
8
20 28 24 8 38 50 52 62
66 5 20 62 25 34 13 61
71 44 3 69 41 54 32 22
62 38 40 57 66 28 62 52
30 10 70 11 27 13 52 22
49 28 16 44 4 11 77 34
0 15 17 16 21 22 19 15
15 0 22 23 15 25 22 24
17 22 0 20 25 15 17 23
16 23 20 0 17 20 23 22
21 15 25 17 0 16 17 23
22 25 15 20 16 0 15 23
19 22 17 23 17 15 0 21
15 24 23 22 23 23 21 0
