6
11
52 11 11 117 19 82
0 17 19 20 16 18 21 24
17 0 18 21 17 22 18 19
19 18 0 19 24 21 24 17
20 21 19 0 20 18 23 20
16 17 24 20 0 21 20 17
18 22 21 18 21 0 20 18
21 18 24 23 20 20 0 17
24 19 17 20 17 18 17 0
