6
14
26 40 66 110 26 138 101 69 156 70 104 121 155 100
120 140 63 130 125 8 138 82 69 158 7 29 151 6
149 43 68 116 137 98 22 147 116 39 115 27 32 99
5 90 71 1 121 12 128 18 106 130 75 103 79 91
8 124 136 93 9 99 155 75 64 145 34 25 78 77
92 120 116 10 90 79 102 154 69 71 105 79 130 86
0 17 24 21 16 23 22 17
17 0 19 20 18 22 25 20
24 19 0 21 18 21 24 18
21 20 21 0 25 23 20 21
16 18 18 25 0 16 18 24
23 22 21 23 16 0 18 22
22 25 24 20 18 18 0 25
17 20 18 21 24 22 25 0
