6
16
33 30 78 88 25 11 75 15 73 14 4 88 19 25 120 74
109 17 52 59 21 50 72 41 48 80 92 53 62 51 95 48
27 22 10 68 23 48 66 70 59 34 28 80 102 117 103 53
13 60 97 56 50 65 49 109 1 17 26 61 98 67 66 24
26 74 32 46 15 26 63 103 13 113 45 18 75 74 57 72
2 15 74 81 111 61 110 51 57 26 8 105 44 57 9 17
0 18 24 17 23 21 21 20
18 0 19 18 19 21 17 25
24 19 0 23 21 24 25 18
17 18 23 0 18 24 24 21
23 19 21 18 0 22 25 23
21 21 24 24 22 0 23 17
21 17 25 24 25 23 0 20
20 25 18 21 23 17 20 0
