6
9
15 28 33 31 39 38
0 25 16 22 18 19 15 17
25 0 18 15 16 21 18 20
16 18 0 15 25 16 19 25
22 15 15 0 15 23 17 24
18 16 25 15 0 22 16 25
19 21 16 23 22 0 23 16
15 18 19 17 16 23 0 20
17 20 25 24 25 16 20 0
