6
16
23 64 87 47 92 42
0 23 22 22 25 17 24 16
23 0 19 16 22 17 25 18
22 19 0 16 18 19 16 24
22 16 16 0 18 16 24 22
25 22 18 18 0 24 25 17
17 17 19 16 24 0 21 20
24 25 16 24 25 21 0 21
16 18 24 22 17 20 21 0
