6
12
40 32 38 9 33 35
0 20 20 21 23 20 22 17
20 0 21 25 22 24 23 25
20 21 0 24 19 18 25 20
21 25 24 0 19 25 24 23
23 22 19 19 0 22 24 19
20 24 18 25 22 0 17 16
22 23 25 24 24 17 0 23
17 25 20 23 19 16 23 0
