6
16
24 11 25 16 6 22
0 18 25 18 15 18 16 16
18 0 17 15 18 23 20 15
25 17 0 20 20 19 16 23
18 15 20 0 21 15 17 22
15 18 20 21 0 24 16 21
18 23 19 15 24 0 24 22
16 20 16 17 16 24 0 25
16 15 23 22 21 22 25 0
