6
10
9 6 30 39 12 18 6 37 5 34
30 40 33 25 20 21 21 8 2 39
18 2 39 29 22 40 10 32 37 26
39 26 10 38 15 9 32 7 11 38
14 12 34 29 16 8 8 14 33 9
7 35 23 11 1 21 17 6 15 31
0 22 20 18 25 20 17 22
22 0 23 19 23 18 23 17
20 23 0 15 21 20 17 24
18 19 15 0 21 15 18 21
25 23 21 21 0 18 19 25
20 18 20 15 18 0 18 15
17 23 17 18 19 18 0 20
22 17 24 21 25 15 20 0
