6
15
10 24 42 40 50 6
0 20 22 20 25 21 25 23
20 0 24 15 25 25 22 25
22 24 0 16 15 25 15 24
20 15 16 0 15 18 20 23
25 25 15 15 0 20 16 21
21 25 25 18 20 0 21 24
25 22 15 20 16 21 0 20
23 25 24 23 21 24 20 0
