6
16
11 5 27 33 26 33
0 18 17 19 15 17 22 20
18 0 21 16 25 20 25 17
17 21 0 19 24 17 16 16
19 16 19 0 16 22 16 23
15 25 24 16 0 20 17 25
17 20 17 22 20 0 19 17
22 25 16 16 17 19 0 21
20 17 16 23 25 17 21 0
