6
22
68 46 58 49 24 4 101 48 45 49 89 29 19 22 101 79 18 93 66 90 40 65
56 27 14 120 17 97 54 82 63 73 92 39 6 53 2 20 6 66 93 115 26 111
25 10 1 68 120 17 13 117 13 35 66 23 30 72 82 32 104 63 3 92 114 78
42 81 10 79 82 4 77 29 12 4 95 4 43 110 99 100 8 88 6 29 80 110
101 53 54 70 71 41 86 104 68 36 50 33 10 58 106 104 105 30 79 105 35 51
114 32 10 7 110 18 46 47 83 94 53 62 64 88 81 46 53 36 38 21 120 34
0 20 19 20 20 17 21 16
20 0 20 16 15 23 17 17
19 20 0 16 23 19 24 23
20 16 16 0 18 15 24 19
20 15 23 18 0 22 24 16
17 23 19 15 22 0 16 21
21 17 24 24 24 16 0 25
16 17 23 19 16 21 25 0
