6
12
93 124 109 113 34 137
0 19 17 22 23 17 22 25
19 0 18 19 15 23 25 20
17 18 0 20 24 23 17 25
22 19 20 0 22 18 20 25
23 15 24 22 0 19 16 23
17 23 23 18 19 0 21 25
22 25 17 20 16 21 0 17
25 20 25 25 23 25 17 0
