6
26
40 24 37 20 25 27 11 21 29 24 12 11 24 2 6 13 8 26 24 16 14 22 27 23 39 29
33 2 37 32 24 24 24 11 17 32 19 9 40 19 2 28 20 38 35 27 15 11 40 26 20 36
25 14 6 12 24 15 34 3 34 30 8 16 25 28 19 6 11 3 8 33 18 23 3 23 11 36
2 25 34 27 9 6 17 24 3 21 40 28 18 8 3 12 25 17 26 3 29 14 12 21 19 30
25 2 9 2 12 1 8 21 30 25 25 5 28 3 12 40 30 21 8 39 8 17 17 11 37 10
30 40 27 37 32 30 6 20 4 17 12 20 18 37 3 18 40 24 27 16 38 26 17 16 19 14
0 20 19 21 22 24 19 23
20 0 19 24 16 25 16 19
19 19 0 16 16 20 21 25
21 24 16 0 15 20 21 18
22 16 16 15 0 17 18 21
24 25 20 20 17 0 17 19
19 16 21 21 18 17 0 19
23 19 25 18 21 19 19 0
