6
12
81 103 125 37 86 9 86 11 26 111 21 136
72 119 107 149 48 111 106 93 136 45 70 26
137 81 82 90 112 95 117 82 119 145 141 44
147 31 158 76 85 145 112 70 2 27 31 97
100 13 55 19 82 89 23 9 62 158 93 58
51 117 29 30 68 142 114 30 74 34 154 147
0 16 17 17 23 21 24 15
16 0 15 21 23 16 24 24
17 15 0 16 24 20 20 18
17 21 16 0 20 16 18 25
23 23 24 20 0 22 23 20
21 16 20 16 22 0 20 24
24 24 20 18 23 20 0 18
15 24 18 25 20 24 18 0
