6
26
11 13 29 14 34 40 21 1 39 36 6 38 11 16 22 19 12 40 40 19 21 22 26 16 6 34
6 4 24 36 26 37 3 28 4 31 39 6 11 34 28 7 25 4 27 27 14 20 37 23 24 37
4 20 32 32 11 10 38 40 26 12 36 10 27 28 2 29 25 1 36 4 28 18 13 38 14 35
10 1 5 26 15 19 25 25 13 11 31 23 1 3 28 40 27 8 3 5 5 25 21 11 29 23
27 31 12 36 2 16 26 27 9 2 17 23 6 28 9 18 27 1 24 36 35 39 32 35 20 30
16 9 28 11 17 12 35 31 17 25 13 19 7 33 24 5 36 30 9 16 25 16 10 30 24 38
0 22 19 16 15 23 17 25
22 0 19 25 16 23 23 18
19 19 0 22 15 20 25 21
16 25 22 0 16 20 17 21
15 16 15 16 0 16 22 17
23 23 20 20 16 0 24 25
17 23 25 17 22 24 0 15
25 18 21 21 17 25 15 0
