6
13
99 15 9 42 16 39
0 21 16 23 15 18 17 25
21 0 17 25 23 21 18 24
16 17 0 17 15 16 15 20
23 25 17 0 16 21 25 16
15 23 15 16 0 18 15 23
18 21 16 21 18 0 15 22
17 18 15 25 15 15 0 17
25 24 20 16 23 22 17 0
