6
16
59 115 115 95 148 70
0 20 23 15 22 25 24 23
20 0 21 24 19 16 16 16
23 21 0 20 16 15 25 24
15 24 20 0 20 19 24 19
22 19 16 20 0 16 25 25
25 16 15 19 16 0 18 19
24 16 25 24 25 18 0 23
23 16 24 19 25 19 23 0
