6
22
52 11 11 117 19 82 110 23 38 44 110 9 26 98 112 50 77 117 96 26 49 23
64 26 39 106 33 101 78 52 93 80 120 19 44 29 66 41 117 51 42 20 48 95
30 19 96 10 47 112 50 19 25 42 87 115 118 9 84 75 108 51 15 16 52 88
22 4 76 48 28 4 67 43 90 90 30 46 57 44 8 104 79 23 45 39 62 93
112 29 18 11 44 100 111 72 114 67 42 25 67 4 60 87 39 44 96 93 50 98
17 79 9 106 103 94 79 68 50 27 67 71 11 74 114 7 72 58 68 66 62 67
0 19 16 21 22 15 22 15
19 0 17 15 22 24 25 16
16 17 0 20 19 24 19 15
21 15 20 0 22 22 24 18
22 22 19 22 0 18 23 16
15 24 24 22 18 0 15 15
22 25 19 24 23 15 0 19
15 16 15 18 16 15 19 0
