6
4
116 95 61 70
61 72 89 110
10 95 75 116
82 37 64 32
68 112 54 43
54 67 92 60
0 17 22 18 15 17 17 17
17 0 24 16 25 21 19 21
22 24 0 20 25 23 21 19
18 16 20 0 19 15 18 20
15 25 25 19 0 19 18 25
17 21 23 15 19 0 23 21
17 19 21 18 18 23 0 18
17 21 19 20 25 21 18 0
