6
16
14 113 106 71 43 87
0 15 18 17 20 22 19 25
15 0 15 17 16 20 19 25
18 15 0 25 25 17 22 19
17 17 25 0 15 19 18 22
20 16 25 15 0 16 24 21
22 20 17 19 16 0 20 19
19 19 22 18 24 20 0 23
25 25 19 22 21 19 23 0
