6
14
35 12 14 18 13 17
0 19 24 17 22 15 25 22
19 0 21 23 15 22 18 17
24 21 0 20 17 24 25 18
17 23 20 0 19 20 19 15
22 15 17 19 0 22 16 16
15 22 24 20 22 0 19 20
25 18 25 19 16 19 0 21
22 17 18 15 16 20 21 0
