6
7
52 38 29 4 41 69
0 16 20 23 16 25 21 21
16 0 17 16 23 21 15 15
20 17 0 25 15 19 25 15
23 16 25 0 16 21 18 19
16 23 15 16 0 17 16 24
25 21 19 21 17 0 16 22
21 15 25 18 16 16 0 24
21 15 15 19 24 22 24 0
