6
5
66 84 86 110 105 31
0 15 18 18 20 21 21 23
15 0 15 17 24 19 25 24
18 15 0 20 16 21 15 22
18 17 20 0 23 17 15 23
20 24 16 23 0 19 19 22
21 19 21 17 19 0 21 23
21 25 15 15 19 21 0 25
23 24 22 23 22 23 25 0
