6
6
81 103 125 37 86 9
0 20 15 16 21 16 23 25
20 0 19 25 22 21 24 25
15 19 0 17 21 21 20 23
16 25 17 0 17 19 16 23
21 22 21 17 0 20 20 20
16 21 21 19 20 0 21 20
23 24 20 16 20 21 0 22
25 25 23 23 20 20 22 0
