6
9
6 48 118 108 7 45
0 15 16 15 20 18 17 23
15 0 22 21 23 16 19 16
16 22 0 22 15 24 22 15
15 21 22 0 15 25 15 16
20 23 15 15 0 25 25 17
18 16 24 25 25 0 21 17
17 19 22 15 25 21 0 18
23 16 15 16 17 17 18 0
