6
11
40 8 29 7 34 21
0 16 25 23 21 24 21 18
16 0 25 22 19 20 24 17
25 25 0 17 15 15 16 19
23 22 17 0 21 24 16 22
21 19 15 21 0 17 25 22
24 20 15 24 17 0 20 17
21 24 16 16 25 20 0 16
18 17 19 22 22 17 16 0
