6
6
79 11 100 29 106 128
0 21 25 24 25 20 16 19
21 0 22 17 19 19 24 15
25 22 0 21 18 15 18 25
24 17 21 0 20 21 20 18
25 19 18 20 0 22 25 24
20 19 15 21 22 0 17 22
16 24 18 20 25 17 0 15
19 15 25 18 24 22 15 0
