6
24
85 63 138 95 141 109 65 79 40 93 2 120 79 147 50 101 159 32 70 9 100 147 48 101
155 47 146 95 69 94 47 31 62 158 62 98 139 16 133 71 153 134 124 143 150 152 61 127
130 77 119 80 121 24 112 57 120 155 29 23 143 95 118 22 79 39 104 7 29 74 145 76
56 35 34 117 74 143 38 47 84 133 152 146 94 57 50 74 63 29 90 25 139 81 118 29
110 50 146 150 92 53 122 90 128 43 87 83 48 90 81 128 100 44 121 122 38 92 33 106
26 144 145 32 106 29 130 116 14 105 34 103 10 10 114 83 58 159 66 153 116 160 88 111
0 22 18 19 23 25 18 22
22 0 22 23 18 17 15 22
18 22 0 25 17 23 19 24
19 23 25 0 25 18 17 23
23 18 17 25 0 20 22 15
25 17 23 18 20 0 24 18
18 15 19 17 22 24 0 18
22 22 24 23 15 18 18 0
