6
7
42 6 70 65 45 57
0 18 25 21 25 24 17 23
18 0 25 18 25 18 21 22
25 25 0 22 15 15 16 22
21 18 22 0 23 22 20 15
25 25 15 23 0 22 18 21
24 18 15 22 22 0 21 15
17 21 16 20 18 21 0 19
23 22 22 15 21 15 19 0
