6
14
4 7 69 63 52 55 101 94 101 45 119 20 66 117
115 63 42 87 54 84 13 24 74 6 105 95 32 26
96 15 31 49 99 81 10 71 79 49 74 33 9 95
18 106 98 67 7 120 1 32 111 65 62 91 5 25
102 22 99 103 15 38 72 102 119 36 58 42 75 8
116 33 58 21 75 30 62 60 112 105 120 66 37 42
0 22 15 15 18 23 25 25
22 0 20 19 22 24 23 18
15 20 0 25 25 18 18 21
15 19 25 0 16 15 18 24
18 22 25 16 0 16 23 18
23 24 18 15 16 0 19 17
25 23 18 18 23 19 0 15
25 18 21 24 18 17 15 0
