6
8
70 76 13 103 11 43 65 83
138 26 46 36 99 5 139 117
104 107 38 152 75 117 65 115
121 153 117 126 41 76 26 47
39 76 94 75 81 106 58 35
23 28 87 101 76 115 18 18
0 18 20 19 21 17 24 25
18 0 15 23 24 25 23 23
20 15 0 25 24 15 18 21
19 23 25 0 20 24 21 18
21 24 24 20 0 16 18 19
17 25 15 24 16 0 20 22
24 23 18 21 18 20 0 21
25 23 21 18 19 22 21 0
