6
8
7 1 20 17 27 12 23 23
7 21 18 20 36 9 3 27
12 22 9 6 25 21 18 31
1 12 6 33 22 4 39 36
35 3 3 38 8 40 32 10
35 6 5 9 33 28 40 26
0 23 25 23 20 17 15 15
23 0 20 17 21 24 20 23
25 20 0 21 25 20 16 16
23 17 21 0 22 20 19 22
20 21 25 22 0 23 24 25
17 24 20 20 23 0 25 25
15 20 16 19 24 25 0 24
15 23 16 22 25 25 24 0
