6
8
60 97 20 45 37 74
0 20 21 15 16 23 20 18
20 0 19 22 17 19 21 18
21 19 0 23 19 20 25 18
15 22 23 0 22 21 15 22
16 17 19 22 0 15 17 18
23 19 20 21 15 0 22 15
20 21 25 15 17 22 0 17
18 18 18 22 18 15 17 0
