6
4
31 28 9 30
20 30 40 13
8 22 19 3
21 6 22 16
1 20 26 17
34 12 24 1
0 15 22 25 17 22 17 16
15 0 19 19 23 16 15 22
22 19 0 17 18 19 21 17
25 19 17 0 22 22 21 22
17 23 18 22 0 15 25 20
22 16 19 22 15 0 20 21
17 15 21 21 25 20 0 24
16 22 17 22 20 21 24 0
