6
6
90 94 84 104 108 34
0 18 16 21 23 23 22 17
18 0 24 24 16 22 19 21
16 24 0 21 22 20 24 22
21 24 21 0 20 20 24 23
23 16 22 20 0 22 15 22
23 22 20 20 22 0 20 20
22 19 24 24 15 20 0 18
17 21 22 23 22 20 18 0
