6
26
34 2 38 40 56 62 39 29 68 2 53 14 12 59 40 42 24 72 52 70 67 63 34 51 70 45
1 56 33 12 64 31 78 70 68 22 80 64 3 7 57 28 21 79 31 64 23 40 44 37 18 18
17 77 59 46 73 2 42 3 2 17 8 34 13 27 2 7 70 48 72 13 66 54 60 30 1 59
6 71 4 37 70 42 77 66 46 64 32 67 16 48 10 9 69 48 49 77 43 58 53 56 9 55
46 64 71 20 80 7 30 53 38 79 59 73 16 7 50 77 53 42 48 1 66 71 3 27 10 49
33 29 9 50 30 24 23 34 21 32 77 35 21 12 8 50 56 77 14 56 14 68 31 47 73 52
0 23 22 21 24 15 18 24
23 0 20 16 22 22 21 16
22 20 0 17 24 25 23 20
21 16 17 0 23 17 23 24
24 22 24 23 0 21 17 25
15 22 25 17 21 0 16 16
18 21 23 23 17 16 0 21
24 16 20 24 25 16 21 0
