7
15
86 78 110 106 32 69 11
0 21 21 21 17 17 21 18 16
21 0 23 25 23 20 19 24 17
21 23 0 21 22 24 20 23 16
21 25 21 0 15 23 23 23 19
17 23 22 15 0 17 17 23 17
17 20 24 23 17 0 15 18 21
21 19 20 23 17 15 0 16 15
18 24 23 23 23 18 16 0 25
16 17 16 19 17 21 15 25 0
