7
18
6 67 120 108 10 22 24 144 8 52 147 78 146 125 33 131 18 128
93 102 116 49 128 34 104 8 70 3 2 121 22 36 86 112 5 28
148 151 82 56 23 120 125 70 99 72 13 54 57 39 158 113 17 10
19 37 31 73 160 128 111 18 117 160 151 3 139 39 54 137 144 1
105 30 59 62 133 32 131 104 154 42 34 109 96 31 63 112 101 115
111 31 74 31 22 119 15 1 40 139 30 116 55 107 132 145 40 90
69 126 6 106 155 132 120 57 66 54 91 135 64 24 73 124 116 156
0 17 18 19 17 15 24 16 16
17 0 16 24 22 20 16 17 19
18 16 0 21 25 22 25 21 18
19 24 21 0 17 17 17 21 19
17 22 25 17 0 24 18 16 18
15 20 22 17 24 0 21 20 22
24 16 25 17 18 21 0 24 24
16 17 21 21 16 20 24 0 24
16 19 18 19 18 22 24 24 0
