7
4
144 114 124 138 159 100 112
0 21 22 23 22 15 15 25 24
21 0 22 21 15 24 15 20 16
22 22 0 19 23 16 19 21 19
23 21 19 0 17 15 19 22 25
22 15 23 17 0 20 24 24 19
15 24 16 15 20 0 22 22 16
15 15 19 19 24 22 0 25 18
25 20 21 22 24 22 25 0 17
24 16 19 25 19 16 18 17 0
