7
4
40 62 64 20 48 79 12
0 19 25 25 22 17 25 18 21
19 0 24 15 15 21 24 24 16
25 24 0 22 23 21 21 20 20
25 15 22 0 19 19 25 16 17
22 15 23 19 0 23 15 25 15
17 21 21 19 23 0 23 15 17
25 24 21 25 15 23 0 24 20
18 24 20 16 25 15 24 0 17
21 16 20 17 15 17 20 17 0
