7
8
125 6 42 112 108 6 3 33
82 159 154 129 133 26 146 124
24 75 128 75 114 49 42 78
113 95 87 74 39 145 21 110
152 39 81 32 51 94 58 50
87 26 90 133 157 150 10 44
96 143 148 91 87 103 66 99
0 18 19 21 24 18 23 15 17
18 0 17 20 25 18 15 20 15
19 17 0 24 19 15 22 22 19
21 20 24 0 20 19 23 24 25
24 25 19 20 0 23 23 20 22
18 18 15 19 23 0 25 20 21
23 15 22 23 23 25 0 15 23
15 20 22 24 20 20 15 0 24
17 15 19 25 22 21 23 24 0
