7
5
94 43 34 76 91 33 74
0 24 19 20 19 24 18 23 19
24 0 22 22 21 22 18 22 25
19 22 0 21 21 22 20 25 23
20 22 21 0 24 18 18 19 24
19 21 21 24 0 23 21 20 21
24 22 22 18 23 0 23 18 25
18 18 20 18 21 23 0 18 19
23 22 25 19 20 18 18 0 18
19 25 23 24 21 25 19 18 0
