7
12
105 117 69 158 102 39 137
0 22 20 15 23 22 25 16 15
22 0 17 24 19 25 25 19 19
20 17 0 23 22 24 19 19 22
15 24 23 0 23 24 16 19 25
23 19 22 23 0 25 24 17 20
22 25 24 24 25 0 24 25 15
25 25 19 16 24 24 0 16 22
16 19 19 19 17 25 16 0 15
15 19 22 25 20 15 22 15 0
