7
15
116 63 98 33 89 105 93
0 17 24 24 15 21 15 21 18
17 0 19 15 25 20 16 24 22
24 19 0 25 20 16 18 19 19
24 15 25 0 25 17 21 20 20
15 25 20 25 0 25 25 18 16
21 20 16 17 25 0 25 17 21
15 16 18 21 25 25 0 16 21
21 24 19 20 18 17 16 0 16
18 22 19 20 16 21 21 16 0
