7
12
7 49 24 77 40 60 32 57 5 35 23 47
3 29 64 25 3 42 9 74 44 21 33 2
77 13 77 22 8 66 8 47 65 51 79 33
66 75 35 54 11 10 25 17 39 50 25 49
11 43 20 27 61 37 29 29 56 24 37 10
30 53 47 21 65 9 47 72 29 69 56 44
68 62 32 64 4 11 28 10 46 22 5 42
0 16 22 18 18 15 19 18 19
16 0 16 22 15 25 22 25 18
22 16 0 21 25 22 18 21 19
18 22 21 0 24 16 17 21 22
18 15 25 24 0 24 24 15 23
15 25 22 16 24 0 18 24 19
19 22 18 17 24 18 0 17 18
18 25 21 21 15 24 17 0 17
19 18 19 22 23 19 18 17 0
