7
24
54 17 80 48 24 80 3 67 3 78 53 41 21 32 15 28 40 20 18 65 25 65 8 39
63 38 75 12 44 7 7 48 20 60 61 8 38 72 19 76 34 64 71 60 34 67 57 66
59 7 30 71 19 45 36 28 41 16 47 37 1 30 65 9 51 34 15 57 51 18 19 50
7 32 70 34 52 38 50 79 53 58 21 11 73 72 16 79 38 17 39 74 17 42 27 69
42 55 10 50 18 17 35 49 13 72 75 37 80 33 22 19 35 10 60 32 37 17 29 55
60 23 8 79 17 31 16 40 28 79 22 26 78 7 30 61 72 46 37 51 72 15 3 66
33 73 46 28 21 51 39 30 50 5 23 61 27 16 57 4 55 35 72 28 41 41 78 30
0 24 16 19 25 17 21 24 20
24 0 15 17 15 15 17 16 21
16 15 0 17 18 23 17 23 19
19 17 17 0 17 15 23 18 24
25 15 18 17 0 19 15 24 24
17 15 23 15 19 0 25 19 18
21 17 17 23 15 25 0 25 20
24 16 23 18 24 19 25 0 20
20 21 19 24 24 18 20 20 0
