7
20
34 20 146 61 88 23 75 103 68 117 150 144 84 7 151 39 6 130 4 3
28 37 42 91 94 123 83 141 93 17 2 71 33 110 12 160 87 7 46 15
131 62 72 94 9 147 96 147 80 117 56 97 145 9 69 134 153 93 19 70
30 128 82 61 37 66 153 92 154 149 57 145 141 19 17 101 38 135 124 99
66 90 113 26 76 125 114 61 115 101 121 71 51 155 140 75 80 3 66 12
149 102 45 23 155 79 21 110 32 116 70 74 132 91 70 130 63 67 131 112
132 145 128 34 141 58 20 114 145 72 87 130 109 146 93 75 118 75 49 56
0 25 25 16 16 18 17 24 21
25 0 18 21 21 24 19 18 20
25 18 0 20 24 18 25 25 25
16 21 20 0 19 18 23 20 16
16 21 24 19 0 25 23 15 15
18 24 18 18 25 0 25 22 21
17 19 25 23 23 25 0 19 17
24 18 25 20 15 22 19 0 21
21 20 25 16 15 21 17 21 0
