7
10
27 51 28 31 2 80 38
0 21 25 21 23 22 18 22 24
21 0 21 23 16 25 24 21 18
25 21 0 17 17 23 25 15 16
21 23 17 0 15 24 24 20 25
23 16 17 15 0 17 15 19 18
22 25 23 24 17 0 16 25 18
18 24 25 24 15 16 0 17 15
22 21 15 20 19 25 17 0 19
24 18 16 25 18 18 15 19 0
