7
16
124 112 56 124 118 62 119 57 148 76 138 84 148 56 53 68
137 27 68 5 84 58 41 113 111 135 154 1 118 84 14 123
51 156 54 20 17 125 111 14 16 148 65 37 60 11 114 69
54 125 37 58 136 80 82 85 113 112 60 24 149 6 114 156
5 114 14 23 160 108 40 19 120 149 29 152 89 140 9 155
43 109 35 126 154 50 60 50 59 40 74 23 65 122 86 6
113 130 3 123 123 13 77 10 156 12 1 70 129 117 3 14
0 20 20 18 20 20 21 15 20
20 0 24 19 19 16 24 25 23
20 24 0 25 25 25 15 24 20
18 19 25 0 18 17 18 15 22
20 19 25 18 0 15 24 22 20
20 16 25 17 15 0 21 24 21
21 24 15 18 24 21 0 16 23
15 25 24 15 22 24 16 0 16
20 23 20 22 20 21 23 16 0
