7
8
140 145 73 88 102 108 23
0 23 17 18 24 25 19 16 23
23 0 20 21 17 20 19 25 18
17 20 0 15 16 18 23 22 22
18 21 15 0 20 25 20 19 17
24 17 16 20 0 22 24 21 15
25 20 18 25 22 0 22 25 23
19 19 23 20 24 22 0 25 18
16 25 22 19 21 25 25 0 17
23 18 22 17 15 23 18 17 0
