7
9
7 110 40 37 116 35 106
0 23 15 21 16 20 20 24 22
23 0 15 23 17 24 25 20 25
15 15 0 19 24 16 22 24 15
21 23 19 0 19 22 22 16 23
16 17 24 19 0 21 19 16 19
20 24 16 22 21 0 21 17 18
20 25 22 22 19 21 0 22 15
24 20 24 16 16 17 22 0 25
22 25 15 23 19 18 15 25 0
