7
13
13 37 74 8 28 53 37
0 19 24 17 15 20 23 21 16
19 0 19 18 20 16 23 16 17
24 19 0 18 17 16 25 23 18
17 18 18 0 25 18 20 23 22
15 20 17 25 0 18 21 18 17
20 16 16 18 18 0 23 24 16
23 23 25 20 21 23 0 16 25
21 16 23 23 18 24 16 0 24
16 17 18 22 17 16 25 24 0
