7
24
31 10 39 24 36 40 2 27 6 7 30 29 13 29 15 37 7 26 29 32 29 4 34 2
5 36 38 14 5 30 3 38 10 9 20 4 20 30 12 29 20 8 27 6 15 29 38 38
37 37 35 24 7 4 22 2 4 23 23 30 36 40 33 3 26 5 7 5 39 19 11 35
7 6 29 36 31 19 19 29 38 31 17 16 4 17 21 4 35 36 30 24 5 9 5 23
6 8 24 30 40 30 25 37 6 34 11 33 36 11 12 13 1 4 22 10 40 39 39 35
6 24 39 11 31 20 7 34 37 9 3 1 22 16 15 30 10 3 10 21 28 19 38 8
24 37 25 30 2 4 38 36 10 33 35 31 8 37 37 21 21 39 21 28 2 35 7 35
0 21 19 16 18 23 23 23 22
21 0 22 21 16 25 19 17 23
19 22 0 17 19 25 24 18 16
16 21 17 0 21 25 18 20 20
18 16 19 21 0 25 18 17 20
23 25 25 25 25 0 19 17 25
23 19 24 18 18 19 0 24 21
23 17 18 20 17 17 24 0 16
22 23 16 20 20 25 21 16 0
