7
14
158 55 94 31 87 150 152 78 118 106 152 111 32 79
140 27 7 24 109 25 86 134 66 40 133 25 97 51
64 124 158 142 56 95 1 57 155 62 59 22 62 94
75 26 93 91 91 26 137 136 36 160 63 47 152 150
44 68 54 91 47 116 112 133 96 38 67 56 42 101
74 140 39 141 45 73 117 118 86 65 158 85 64 59
41 17 63 34 24 34 120 83 77 27 129 15 114 88
0 17 17 25 16 17 18 21 15
17 0 16 24 17 21 17 16 16
17 16 0 16 20 25 15 17 25
25 24 16 0 23 16 20 18 23
16 17 20 23 0 19 22 24 17
17 21 25 16 19 0 17 20 21
18 17 15 20 22 17 0 22 25
21 16 17 18 24 20 22 0 18
15 16 25 23 17 21 25 18 0
