7
11
138 35 21 157 107 148 60
0 23 21 23 17 17 19 22 18
23 0 25 15 25 17 18 18 24
21 25 0 15 16 24 22 16 24
23 15 15 0 17 20 24 15 17
17 25 16 17 0 25 24 15 16
17 17 24 20 25 0 15 17 23
19 18 22 24 24 15 0 20 24
22 18 16 15 15 17 20 0 19
18 24 24 17 16 23 24 19 0
