7
16
52 39 111 38 96 109 45 44 117 13 97 22 96 10 96 107
61 103 87 88 91 16 80 60 47 93 119 77 50 106 12 86
48 28 38 15 76 23 73 49 111 20 33 53 19 21 96 71
89 111 19 78 90 102 68 3 116 14 79 16 60 28 68 71
111 85 80 84 21 98 29 107 91 45 3 83 59 95 87 89
89 67 4 112 18 96 71 19 120 1 96 74 37 25 110 29
105 2 7 73 100 95 8 78 115 5 29 31 14 54 13 114
0 19 16 17 25 19 25 24 24
19 0 18 18 17 16 18 23 23
16 18 0 23 18 23 25 25 24
17 18 23 0 16 24 23 23 23
25 17 18 16 0 15 25 15 18
19 16 23 24 15 0 16 24 25
25 18 25 23 25 16 0 22 15
24 23 25 23 15 24 22 0 20
24 23 24 23 18 25 15 20 0
