7
12
64 29 10 36 8 60 60 73 44 58 63 36
12 58 64 57 44 62 54 32 25 25 43 23
74 29 1 32 34 25 50 46 11 38 47 24
41 68 3 73 16 59 4 74 56 78 33 32
71 58 49 53 14 63 79 61 37 46 48 29
6 1 11 35 40 3 73 26 11 2 50 69
14 6 44 33 60 59 61 15 31 8 76 1
0 20 22 21 19 21 15 25 19
20 0 17 15 20 20 23 25 17
22 17 0 17 25 20 25 24 17
21 15 17 0 23 23 25 22 20
19 20 25 23 0 19 17 15 17
21 20 20 23 19 0 16 22 23
15 23 25 25 17 16 0 23 21
25 25 24 22 15 22 23 0 22
19 17 17 20 17 23 21 22 0
