7
26
56 44 25 29 26 20 62 58 74 64 38 10 49 56 70 60 46 3 59 67 32 74 79 42 13 21
73 37 19 65 28 6 48 22 24 56 66 21 52 18 44 43 3 46 75 34 24 74 29 71 72 51
21 47 17 33 1 17 13 39 79 61 63 19 48 21 17 33 33 72 10 31 4 73 32 44 35 75
45 77 14 70 54 54 1 79 28 30 23 25 4 4 51 47 7 44 78 57 79 30 37 49 68 52
45 75 6 54 12 6 49 46 66 5 32 16 36 58 78 65 35 69 56 73 2 29 73 18 18 32
59 38 33 39 39 19 73 28 67 40 47 16 52 73 47 38 20 31 40 12 2 30 7 79 56 38
16 36 17 56 64 53 32 2 2 20 64 52 35 69 63 33 14 12 22 71 3 77 7 18 2 79
0 17 21 24 17 18 25 15 15
17 0 23 22 20 24 15 20 18
21 23 0 21 23 22 15 21 22
24 22 21 0 16 24 18 23 19
17 20 23 16 0 25 25 21 25
18 24 22 24 25 0 25 16 25
25 15 15 18 25 25 0 20 19
15 20 21 23 21 16 20 0 24
15 18 22 19 25 25 19 24 0
