7
6
16 138 20 81 52 115
30 121 130 149 7 3
147 96 24 7 45 1
123 144 38 144 19 44
154 31 84 158 10 104
53 119 12 47 61 64
84 60 35 65 127 82
0 17 21 21 24 15 17 23 21
17 0 15 17 18 19 15 17 16
21 15 0 21 19 15 23 25 22
21 17 21 0 16 15 18 22 25
24 18 19 16 0 19 21 18 24
15 19 15 15 19 0 21 24 17
17 15 23 18 21 21 0 20 25
23 17 25 22 18 24 20 0 20
21 16 22 25 24 17 25 20 0
