7
14
28 20 12 14 18 19 27
0 19 20 16 15 17 20 18 17
19 0 17 25 23 18 17 24 16
20 17 0 20 19 20 18 21 23
16 25 20 0 24 24 20 19 23
15 23 19 24 0 16 19 22 18
17 18 20 24 16 0 20 22 15
20 17 18 20 19 20 0 17 20
18 24 21 19 22 22 17 0 24
17 16 23 23 18 15 20 24 0
