7
7
14 16 63 21 23 33 24
0 17 21 22 16 18 15 20 20
17 0 15 20 19 15 16 21 16
21 15 0 17 21 23 22 25 19
22 20 17 0 18 20 20 16 20
16 19 21 18 0 23 24 22 17
18 15 23 20 23 0 20 15 15
15 16 22 20 24 20 0 18 17
20 21 25 16 22 15 18 0 20
20 16 19 20 17 15 17 20 0
