7
15
47 33 4 54 23 85 57
0 21 25 22 23 19 17 16 22
21 0 25 19 21 24 16 20 18
25 25 0 16 21 24 20 22 15
22 19 16 0 22 17 23 15 25
23 21 21 22 0 19 23 23 17
19 24 24 17 19 0 16 19 22
17 16 20 23 23 16 0 18 19
16 20 22 15 23 19 18 0 22
22 18 15 25 17 22 19 22 0
