7
9
57 64 37 98 88 47 28
0 15 23 20 24 15 24 15 19
15 0 21 18 24 18 18 20 20
23 21 0 17 17 20 25 25 19
20 18 17 0 24 21 22 17 21
24 24 17 24 0 25 22 17 25
15 18 20 21 25 0 22 22 24
24 18 25 22 22 22 0 18 21
15 20 25 17 17 22 18 0 25
19 20 19 21 25 24 21 25 0
