7
14
21 146 147 137 126 124 34
0 25 20 25 25 16 25 18 17
25 0 19 24 15 19 21 18 25
20 19 0 21 16 19 15 18 25
25 24 21 0 23 18 17 25 20
25 15 16 23 0 17 16 23 24
16 19 19 18 17 0 22 20 17
25 21 15 17 16 22 0 25 25
18 18 18 25 23 20 25 0 22
17 25 25 20 24 17 25 22 0
