7
14
94 84 70 44 65 73 116 30 50 78 49 102 100 99
16 20 61 77 43 16 107 66 55 70 110 17 42 14
21 62 42 32 105 79 29 80 120 72 103 107 112 114
24 118 53 46 30 75 6 83 94 10 6 47 28 93
50 42 116 1 102 71 73 49 101 115 58 11 99 12
69 83 120 55 110 21 29 32 81 39 66 27 101 42
97 101 63 98 104 65 7 84 88 62 100 20 97 116
0 24 17 22 22 23 25 16 19
24 0 22 15 23 22 25 24 23
17 22 0 23 22 15 18 24 19
22 15 23 0 22 17 24 25 21
22 23 22 22 0 22 16 22 18
23 22 15 17 22 0 20 23 25
25 25 18 24 16 20 0 25 25
16 24 24 25 22 23 25 0 22
19 23 19 21 18 25 25 22 0
