7
5
77 18 106 17 32 81 1
0 20 17 21 17 23 22 16 23
20 0 22 25 21 19 21 18 25
17 22 0 15 19 22 21 21 23
21 25 15 0 22 18 18 18 15
17 21 19 22 0 21 22 24 16
23 19 22 18 21 0 24 22 24
22 21 21 18 22 24 0 21 15
16 18 21 18 24 22 21 0 25
23 25 23 15 16 24 15 25 0
