7
15
94 100 140 90 144 44 17
0 20 22 15 22 23 22 24 23
20 0 21 24 17 24 22 17 16
22 21 0 24 19 20 20 20 20
15 24 24 0 20 20 19 18 24
22 17 19 20 0 20 19 15 25
23 24 20 20 20 0 22 17 18
22 22 20 19 19 22 0 18 19
24 17 20 18 15 17 18 0 24
23 16 20 24 25 18 19 24 0
