7
6
134 103 86 78 17 77
154 96 55 90 1 73
108 113 66 78 147 80
117 120 40 119 157 76
81 52 155 99 135 33
154 10 9 63 73 155
4 84 135 56 2 29
0 16 20 22 17 17 18 15 15
16 0 22 22 17 19 19 16 15
20 22 0 20 20 20 25 22 17
22 22 20 0 17 16 24 17 15
17 17 20 17 0 22 19 17 23
17 19 20 16 22 0 19 25 21
18 19 25 24 19 19 0 22 18
15 16 22 17 17 25 22 0 24
15 15 17 15 23 21 18 24 0
