7
10
28 39 3 20 16 20 19 22 31 31
24 28 22 9 2 16 6 38 22 26
25 11 40 25 36 27 29 21 9 31
19 6 33 22 9 1 13 31 32 24
33 15 25 5 28 27 35 11 20 16
33 29 11 27 13 17 34 19 32 22
3 15 29 16 3 2 1 16 37 33
0 23 20 20 18 18 15 20 22
23 0 18 23 21 20 25 21 15
20 18 0 23 17 24 18 17 21
20 23 23 0 16 21 15 15 23
18 21 17 16 0 23 25 19 23
18 20 24 21 23 0 21 15 16
15 25 18 15 25 21 0 17 20
20 21 17 15 19 15 17 0 25
22 15 21 23 23 16 20 25 0
