7
7
118 97 46 43 93 101 65
0 23 24 22 24 23 24 24 15
23 0 23 19 18 15 19 19 23
24 23 0 24 15 19 20 22 15
22 19 24 0 25 18 21 24 15
24 18 15 25 0 22 15 15 22
23 15 19 18 22 0 15 25 17
24 19 20 21 15 15 0 18 15
24 19 22 24 15 25 18 0 25
15 23 15 15 22 17 15 25 0
