7
13
25 36 12 3 19 34 25
0 19 22 22 23 19 20 24 16
19 0 19 17 18 19 18 21 22
22 19 0 18 25 17 18 17 24
22 17 18 0 18 18 22 25 22
23 18 25 18 0 19 24 15 23
19 19 17 18 19 0 15 16 17
20 18 18 22 24 15 0 18 19
24 21 17 25 15 16 18 0 24
16 22 24 22 23 17 19 24 0
