7
7
37 39 25 14 37 14 34
0 21 25 25 25 25 22 21 25
21 0 23 24 25 24 20 25 25
25 23 0 23 16 23 22 21 17
25 24 23 0 21 19 19 16 16
25 25 16 21 0 20 15 15 24
25 24 23 19 20 0 16 24 22
22 20 22 19 15 16 0 17 17
21 25 21 16 15 24 17 0 22
25 25 17 16 24 22 17 22 0
