7
14
43 123 154 137 123 47 50
0 23 25 22 17 25 15 24 20
23 0 19 19 25 17 23 22 19
25 19 0 15 16 15 20 23 21
22 19 15 0 25 18 15 15 19
17 25 16 25 0 24 21 23 15
25 17 15 18 24 0 23 25 24
15 23 20 15 21 23 0 17 18
24 22 23 15 23 25 17 0 15
20 19 21 19 15 24 18 15 0
