7
11
4 33 32 13 14 5 16
0 19 20 16 24 17 19 20 18
19 0 20 21 17 21 18 25 17
20 20 0 19 23 17 18 21 18
16 21 19 0 20 25 20 24 15
24 17 23 20 0 25 21 24 19
17 21 17 25 25 0 17 22 20
19 18 18 20 21 17 0 24 24
20 25 21 24 24 22 24 0 16
18 17 18 15 19 20 24 16 0
