7
18
9 9 6 6 35 23 34 40 19 37 35 40 31 15 39 10 35 38
17 39 11 25 11 34 2 35 1 7 15 40 9 16 6 36 25 30
23 7 14 1 25 31 12 29 16 40 28 24 15 20 39 15 8 40
40 25 12 32 5 3 20 19 28 37 34 21 33 10 36 27 16 23
10 4 35 40 33 9 39 5 11 17 25 22 31 13 11 10 10 28
20 27 6 28 2 12 8 24 39 23 21 4 40 30 29 34 5 21
40 36 28 8 25 40 1 17 11 36 18 3 27 24 40 14 2 31
0 25 16 17 23 16 19 24 18
25 0 15 20 22 25 24 25 21
16 15 0 23 20 19 16 21 22
17 20 23 0 24 24 17 19 19
23 22 20 24 0 21 25 18 19
16 25 19 24 21 0 23 17 15
19 24 16 17 25 23 0 17 24
24 25 21 19 18 17 17 0 15
18 21 22 19 19 15 24 15 0
