7
14
27 39 61 25 76 3 39 79 65 6 68 49 75 68
11 34 72 33 52 72 9 9 67 47 28 57 36 40
3 62 13 48 80 46 70 75 65 6 63 78 65 6
56 73 63 72 65 9 47 38 56 60 20 6 78 13
42 10 76 60 33 18 48 55 18 29 18 67 42 44
37 74 72 60 78 19 42 42 62 47 17 53 23 34
40 55 62 67 51 19 26 17 19 59 75 13 32 73
0 23 18 15 16 19 19 17 18
23 0 20 25 21 22 19 20 23
18 20 0 17 21 16 15 17 24
15 25 17 0 24 16 21 18 24
16 21 21 24 0 20 21 23 22
19 22 16 16 20 0 16 22 15
19 19 15 21 21 16 0 15 24
17 20 17 18 23 22 15 0 19
18 23 24 24 22 15 24 19 0
