7
20
7 110 40 37 116 35 106 95 68 99 2 56 10 41 46 75 107 63 8 67
19 97 105 78 87 46 87 38 73 16 103 64 73 2 35 102 57 57 16 102
106 112 97 66 54 39 109 11 38 103 55 23 112 26 57 2 88 116 55 78
31 19 98 86 47 52 54 62 25 64 87 105 37 15 49 33 59 96 101 11
81 56 55 90 51 56 26 113 120 75 67 54 117 45 91 31 95 37 71 9
111 87 8 25 35 26 9 86 27 103 22 88 27 101 14 56 18 118 103 58
108 41 1 10 9 86 111 120 96 86 60 116 67 80 2 80 9 24 79 43
0 19 15 21 21 21 18 20 18
19 0 17 17 15 16 21 22 22
15 17 0 23 22 15 18 19 19
21 17 23 0 16 24 19 22 25
21 15 22 16 0 21 25 23 18
21 16 15 24 21 0 25 24 21
18 21 18 19 25 25 0 20 19
20 22 19 22 23 24 20 0 16
18 22 19 25 18 21 19 16 0
