7
14
26 47 103 111 2 118 95
0 20 19 24 20 16 20 21 21
20 0 16 19 15 21 20 24 21
19 16 0 25 20 22 22 24 19
24 19 25 0 22 20 18 15 23
20 15 20 22 0 16 25 23 23
16 21 22 20 16 0 19 21 17
20 20 22 18 25 19 0 15 18
21 24 24 15 23 21 15 0 20
21 21 19 23 23 17 18 20 0
