7
16
34 33 12 37 16 17 35
0 21 24 21 25 21 20 16 16
21 0 22 19 17 21 25 24 15
24 22 0 20 25 15 18 24 22
21 19 20 0 20 22 16 18 20
25 17 25 20 0 20 21 22 22
21 21 15 22 20 0 21 15 15
20 25 18 16 21 21 0 17 22
16 24 24 18 22 15 17 0 23
16 15 22 20 22 15 22 23 0
