7
14
7 31 9 6 40 23 23
0 15 23 23 19 25 20 18 24
15 0 18 17 19 25 19 17 15
23 18 0 23 17 16 18 19 19
23 17 23 0 17 24 21 15 25
19 19 17 17 0 23 18 19 18
25 25 16 24 23 0 24 21 15
20 19 18 21 18 24 0 23 19
18 17 19 15 19 21 23 0 24
24 15 19 25 18 15 19 24 0
