7
4
34 46 53 10
51 19 11 62
6 71 65 6
6 35 69 23
63 48 53 58
49 65 13 13
41 63 67 60
0 17 16 23 16 22 25 17 24
17 0 25 16 17 23 17 25 17
16 25 0 18 24 15 22 22 25
23 16 18 0 18 19 17 16 19
16 17 24 18 0 15 24 20 19
22 23 15 19 15 0 20 23 15
25 17 22 17 24 20 0 17 21
17 25 22 16 20 23 17 0 18
24 17 25 19 19 15 21 18 0
