7
13
107 37 90 15 110 13 90
0 23 17 18 15 20 15 25 18
23 0 18 21 19 20 15 25 24
17 18 0 23 16 21 17 19 20
18 21 23 0 24 25 16 25 25
15 19 16 24 0 25 21 25 23
20 20 21 25 25 0 21 17 19
15 15 17 16 21 21 0 21 16
25 25 19 25 25 17 21 0 24
18 24 20 25 23 19 16 24 0
