7
5
5 51 79 117 92 38 46
0 25 19 18 18 18 21 18 16
25 0 21 20 23 20 20 24 23
19 21 0 16 20 23 19 16 18
18 20 16 0 18 19 17 19 23
18 23 20 18 0 17 18 25 22
18 20 23 19 17 0 21 16 25
21 20 19 17 18 21 0 17 19
18 24 16 19 25 16 17 0 19
16 23 18 23 22 25 19 19 0
