7
22
3 6 19 29 12 36 13 13 26 26 6 38 16 17 30 24 8 6 24 32 20 19
4 18 5 26 31 12 35 34 26 14 9 23 14 28 36 28 22 16 10 3 26 18
17 20 28 27 6 22 11 1 3 24 14 19 35 2 1 35 40 5 13 31 24 4
27 35 31 17 30 18 33 32 16 39 13 3 7 12 37 3 40 17 4 6 18 23
8 16 31 5 11 9 5 27 3 38 8 3 17 19 11 19 18 17 26 21 2 7
24 15 21 3 18 37 36 23 33 26 40 33 14 35 11 2 2 35 22 23 17 8
32 4 6 8 6 28 35 18 7 18 8 17 1 35 16 9 6 33 37 24 11 17
0 23 23 23 17 15 24 21 16
23 0 19 15 17 15 18 15 24
23 19 0 16 25 19 17 24 18
23 15 16 0 24 24 20 24 17
17 17 25 24 0 23 17 19 16
15 15 19 24 23 0 17 25 19
24 18 17 20 17 17 0 18 15
21 15 24 24 19 25 18 0 25
16 24 18 17 16 19 15 25 0
