7
18
52 66 72 4 57 3 36 3 58 74 18 46 26 61 75 30 32 54
62 43 36 30 22 17 60 32 75 9 66 45 69 10 54 73 3 8
40 42 65 40 48 21 14 67 16 79 43 63 12 38 31 32 8 73
30 49 6 58 69 47 70 20 29 24 49 19 61 37 32 59 48 26
35 43 30 67 26 14 7 65 73 8 46 35 20 37 25 72 45 69
8 60 46 41 33 27 32 19 79 58 61 20 2 65 33 62 15 39
61 70 24 7 2 78 27 1 6 28 26 48 78 64 76 24 57 22
0 21 22 17 22 21 24 18 19
21 0 15 15 21 17 16 21 15
22 15 0 18 24 25 23 19 24
17 15 18 0 24 19 17 17 15
22 21 24 24 0 15 22 22 22
21 17 25 19 15 0 23 20 25
24 16 23 17 22 23 0 22 24
18 21 19 17 22 20 22 0 25
19 15 24 15 22 25 24 25 0
