7
12
12 23 67 68 55 5 32 113 107 6 119 107
113 13 72 43 34 62 41 75 38 31 32 10
49 120 53 13 85 14 5 43 38 31 66 50
63 13 38 7 79 71 94 89 65 108 12 103
36 69 70 10 103 66 53 3 3 100 70 34
34 29 32 120 120 58 99 63 1 41 55 46
82 2 62 107 83 114 111 28 16 45 110 93
0 17 22 17 21 19 23 23 21
17 0 23 21 19 17 21 19 20
22 23 0 18 23 20 16 15 23
17 21 18 0 21 22 24 15 23
21 19 23 21 0 17 23 23 17
19 17 20 22 17 0 16 22 19
23 21 16 24 23 16 0 20 21
23 19 15 15 23 22 20 0 23
21 20 23 23 17 19 21 23 0
