7
22
45 45 69 62 80 3 18 50 18 76 6 67 51 45 51 13 74 79 15 68 73 59
16 5 72 16 8 32 18 6 39 33 54 15 9 41 36 65 55 79 78 38 71 74
21 45 66 13 12 80 78 17 17 68 53 3 15 14 12 45 61 59 26 32 47 79
56 80 11 15 44 52 46 41 40 15 50 42 22 21 32 38 40 68 63 29 53 32
32 67 45 43 78 17 14 62 3 27 30 66 42 13 67 43 17 80 3 55 43 21
60 25 32 4 34 12 61 16 49 22 26 8 38 45 14 30 71 69 7 11 46 75
49 3 61 56 17 61 34 38 62 49 39 51 76 7 69 33 65 40 61 13 41 73
0 20 22 25 15 18 23 17 25
20 0 23 24 18 17 15 23 24
22 23 0 18 15 19 21 23 22
25 24 18 0 22 24 17 20 20
15 18 15 22 0 17 23 18 24
18 17 19 24 17 0 17 17 24
23 15 21 17 23 17 0 24 19
17 23 23 20 18 17 24 0 19
25 24 22 20 24 24 19 19 0
