7
11
12 6 36 49 8 40 20
0 24 16 16 23 21 15 21 22
24 0 16 24 25 22 18 24 15
16 16 0 18 16 25 20 19 20
16 24 18 0 15 19 20 24 21
23 25 16 15 0 21 23 17 25
21 22 25 19 21 0 20 16 25
15 18 20 20 23 20 0 16 15
21 24 19 24 17 16 16 0 20
22 15 20 21 25 25 15 20 0
