7
5
7 14 23 8 32 7 32
0 24 16 17 20 23 18 22 17
24 0 25 19 24 19 16 17 20
16 25 0 19 25 23 24 24 24
17 19 19 0 22 22 19 23 21
20 24 25 22 0 21 23 20 19
23 19 23 22 21 0 25 17 15
18 16 24 19 23 25 0 21 17
22 17 24 23 20 17 21 0 23
17 20 24 21 19 15 17 23 0
