7
12
15 87 7 59 25 5 22
0 15 15 22 15 21 21 15 19
15 0 16 19 15 17 22 15 21
15 16 0 19 22 22 16 15 19
22 19 19 0 25 21 16 17 25
15 15 22 25 0 21 19 20 15
21 17 22 21 21 0 18 16 20
21 22 16 16 19 18 0 17 16
15 15 15 17 20 16 17 0 15
19 21 19 25 15 20 16 15 0
