7
26
15 87 7 59 25 5 22 6 95 5 64 1 56 50 6 33 15 35 3 17 60 5 54 34 63 102
101 90 63 10 1 39 93 84 115 56 12 18 87 106 106 53 111 94 115 36 48 7 30 15 42 23
12 6 71 88 69 20 87 61 43 38 42 75 102 65 38 8 58 69 115 76 90 98 43 103 118 20
12 18 98 80 45 6 39 60 52 67 82 29 50 87 14 103 14 13 120 84 76 87 89 23 64 68
23 20 30 51 95 27 46 48 109 81 40 46 59 47 116 59 91 68 13 101 81 111 87 82 9 114
91 91 79 97 8 27 69 59 12 68 3 56 49 41 56 105 36 7 112 46 98 114 62 47 74 26
67 83 108 106 28 100 1 95 9 1 84 10 30 64 78 53 24 103 38 38 93 60 89 70 7 105
0 15 16 24 18 18 25 21 20
15 0 20 19 22 18 17 23 15
16 20 0 17 25 25 17 20 18
24 19 17 0 22 16 15 24 25
18 22 25 22 0 20 18 19 24
18 18 25 16 20 0 24 25 16
25 17 17 15 18 24 0 23 24
21 23 20 24 19 25 23 0 15
20 15 18 25 24 16 24 15 0
