7
12
44 47 41 35 80 35 61
0 23 24 20 15 17 19 15 21
23 0 16 18 21 17 22 19 15
24 16 0 25 23 16 21 21 20
20 18 25 0 18 22 23 16 21
15 21 23 18 0 20 21 22 21
17 17 16 22 20 0 17 17 15
19 22 21 23 21 17 0 23 23
15 19 21 16 22 17 23 0 24
21 15 20 21 21 15 23 24 0
