7
20
77 30 79 12 23 70 24 31 76 13 21 13 46 78 64 71 9 16 9 3
53 65 23 60 52 9 66 65 10 19 70 44 32 59 2 39 20 18 50 5
66 63 64 24 41 70 42 75 22 50 9 11 24 60 34 47 71 17 4 61
25 70 71 48 40 74 55 78 2 70 42 54 50 26 64 4 68 14 4 10
38 8 35 37 60 58 53 36 25 46 34 36 15 34 55 46 79 13 80 29
29 35 64 58 14 31 27 56 66 9 36 55 63 23 37 55 10 46 76 63
28 12 25 8 15 17 7 47 25 7 29 16 53 41 67 54 56 35 27 77
0 21 24 17 25 24 20 20 25
21 0 20 20 25 22 15 21 15
24 20 0 25 15 20 25 24 16
17 20 25 0 22 19 16 16 16
25 25 15 22 0 17 23 24 20
24 22 20 19 17 0 17 15 21
20 15 25 16 23 17 0 17 24
20 21 24 16 24 15 17 0 20
25 15 16 16 20 21 24 20 0
