7
16
136 132 23 89 41 111 41 119 124 46 121 36 108 60 38 157
102 48 126 98 93 64 37 15 93 16 86 108 91 102 16 104
8 106 122 39 33 38 24 60 98 111 20 20 125 145 41 102
107 48 6 112 50 69 100 99 72 3 94 116 132 8 43 94
24 124 66 1 133 139 70 53 140 54 90 92 12 121 3 122
44 42 120 14 31 150 32 128 123 110 67 82 35 22 100 140
118 9 149 35 19 24 96 123 1 4 39 38 137 21 72 148
0 17 24 23 25 21 20 21 21
17 0 17 21 22 18 22 21 17
24 17 0 24 21 24 24 21 23
23 21 24 0 24 19 16 20 18
25 22 21 24 0 19 21 25 19
21 18 24 19 19 0 21 25 24
20 22 24 16 21 21 0 17 21
21 21 21 20 25 25 17 0 19
21 17 23 18 19 24 21 19 0
