7
13
94 16 69 53 28 49 107
0 21 19 24 18 20 24 21 16
21 0 16 22 15 24 21 18 23
19 16 0 20 15 18 23 16 22
24 22 20 0 21 24 22 18 17
18 15 15 21 0 19 17 25 16
20 24 18 24 19 0 23 17 24
24 21 23 22 17 23 0 18 15
21 18 16 18 25 17 18 0 21
16 23 22 17 16 24 15 21 0
