7
4
62 5 63 18 51 69 40
0 23 19 24 23 18 24 20 19
23 0 20 19 19 20 25 18 19
19 20 0 23 18 21 22 24 18
24 19 23 0 20 23 17 25 21
23 19 18 20 0 16 24 23 22
18 20 21 23 16 0 16 18 22
24 25 22 17 24 16 0 21 18
20 18 24 25 23 18 21 0 18
19 19 18 21 22 22 18 18 0
