7
8
24 11 25 16 6 22 14 13
2 16 8 7 11 4 14 35
21 1 23 23 20 8 33 27
3 9 30 38 7 27 40 29
40 4 37 35 36 31 10 1
16 38 38 19 24 30 36 36
35 13 6 36 20 33 31 6
0 18 24 16 24 23 23 16 17
18 0 23 15 16 17 20 17 16
24 23 0 23 22 21 23 22 19
16 15 23 0 22 19 15 22 17
24 16 22 22 0 16 25 24 20
23 17 21 19 16 0 18 15 15
23 20 23 15 25 18 0 18 25
16 17 22 22 24 15 18 0 20
17 16 19 17 20 15 25 20 0
