7
9
65 102 36 27 115 85 46
0 22 25 25 25 16 22 17 18
22 0 22 20 23 16 20 17 23
25 22 0 22 20 20 20 16 22
25 20 22 0 23 19 22 15 18
25 23 20 23 0 24 22 22 17
16 16 20 19 24 0 20 25 19
22 20 20 22 22 20 0 17 25
17 17 16 15 22 25 17 0 16
18 23 22 18 17 19 25 16 0
