7
5
31 30 6 22 2 5 16
0 17 20 15 24 20 20 15 25
17 0 23 18 23 21 24 24 17
20 23 0 16 25 23 22 15 17
15 18 16 0 15 24 20 21 20
24 23 25 15 0 23 24 24 15
20 21 23 24 23 0 25 25 16
20 24 22 20 24 25 0 20 23
15 24 15 21 24 25 20 0 20
25 17 17 20 15 16 23 20 0
