7
8
19 86 73 94 39 103 81
0 20 20 15 20 23 21 15 19
20 0 18 19 18 22 19 20 20
20 18 0 23 16 21 17 16 23
15 19 23 0 25 25 19 15 22
20 18 16 25 0 19 21 24 17
23 22 21 25 19 0 18 18 16
21 19 17 19 21 18 0 23 22
15 20 16 15 24 18 23 0 21
19 20 23 22 17 16 22 21 0
