7
10
3 6 19 29 12 36 13
0 18 21 21 16 24 18 19 22
18 0 25 20 16 16 20 22 19
21 25 0 19 15 19 16 25 21
21 20 19 0 22 17 25 23 23
16 16 15 22 0 21 18 17 20
24 16 19 17 21 0 18 21 23
18 20 16 25 18 18 0 21 20
19 22 25 23 17 21 21 0 18
22 19 21 23 20 23 20 18 0
