7
24
40 53 69 19 18 63 30 38 79 69 27 13 35 71 43 24 73 24 78 54 20 56 3 37
18 22 17 67 55 8 76 77 70 34 80 76 7 71 28 22 24 78 38 44 50 39 23 58
10 43 80 43 15 49 33 30 52 63 74 46 44 56 70 24 1 69 26 80 4 45 35 50
8 2 46 57 29 2 48 37 29 63 67 4 2 74 24 60 59 13 33 72 57 14 74 45
48 34 35 12 1 11 50 20 46 9 34 44 79 14 32 56 30 50 48 79 49 23 58 16
25 32 69 70 69 25 68 33 18 61 19 18 23 44 16 24 73 41 19 55 18 60 76 71
2 13 61 79 45 47 57 58 54 76 47 10 33 28 55 53 20 45 77 49 44 17 40 10
0 19 24 25 23 21 21 24 19
19 0 19 16 23 25 18 18 15
24 19 0 24 24 25 23 22 17
25 16 24 0 16 18 20 20 25
23 23 24 16 0 25 22 22 23
21 25 25 18 25 0 22 16 19
21 18 23 20 22 22 0 19 20
24 18 22 20 22 16 19 0 24
19 15 17 25 23 19 20 24 0
