7
10
87 27 77 2 27 109 22 22 53 104
67 118 111 106 4 43 37 29 78 86
35 38 22 19 34 67 72 58 72 83
10 73 44 2 8 93 75 49 25 81
6 61 116 114 38 114 7 102 96 108
43 90 1 34 106 120 12 111 87 29
110 35 52 46 43 59 44 99 116 82
0 25 16 20 19 24 21 20 17
25 0 21 23 18 15 20 24 17
16 21 0 24 23 15 23 23 25
20 23 24 0 23 20 20 25 24
19 18 23 23 0 16 21 19 15
24 15 15 20 16 0 24 23 23
21 20 23 20 21 24 0 22 17
20 24 23 25 19 23 22 0 25
17 17 25 24 15 23 17 25 0
