7
12
7 12 32 34 27 8 16 10 16 15 39 38
10 36 1 4 10 33 10 23 2 1 25 38
13 25 30 22 29 29 16 22 30 11 20 4
23 33 4 8 29 29 28 14 19 3 8 9
26 35 38 25 21 28 7 16 36 9 26 21
24 24 31 31 19 22 18 1 21 17 5 13
30 21 24 39 10 29 22 22 6 16 11 40
0 19 23 15 17 18 16 23 16
19 0 21 21 20 19 18 17 19
23 21 0 15 20 24 24 23 18
15 21 15 0 24 17 15 21 17
17 20 20 24 0 23 21 18 25
18 19 24 17 23 0 23 20 25
16 18 24 15 21 23 0 23 19
23 17 23 21 18 20 23 0 16
16 19 18 17 25 25 19 16 0
