7
12
92 112 74 60 113 6 22 105 83 116 34 27
113 83 56 120 9 30 57 101 37 66 115 61
95 112 54 91 47 98 6 20 61 120 82 29
80 34 96 9 104 5 52 32 31 20 107 73
93 92 62 79 93 50 64 5 55 52 30 26
31 53 55 5 86 98 47 8 102 110 63 45
28 25 48 56 55 80 76 23 73 51 118 56
0 25 17 18 25 18 22 22 25
25 0 16 15 20 22 18 17 23
17 16 0 23 22 22 20 20 25
18 15 23 0 25 20 16 24 20
25 20 22 25 0 17 15 23 17
18 22 22 20 17 0 22 25 18
22 18 20 16 15 22 0 25 24
22 17 20 24 23 25 25 0 25
25 23 25 20 17 18 24 25 0
