7
15
67 57 44 11 14 7 19
0 25 24 16 24 20 25 15 23
25 0 20 19 18 22 17 23 15
24 20 0 18 17 16 18 21 20
16 19 18 0 16 16 17 18 20
24 18 17 16 0 18 18 16 22
20 22 16 16 18 0 22 19 20
25 17 18 17 18 22 0 17 22
15 23 21 18 16 19 17 0 20
23 15 20 20 22 20 22 20 0
