7
6
8 26 21 11 29 19 28
0 25 16 24 18 21 24 25 15
25 0 19 24 24 17 24 18 25
16 19 0 20 16 23 21 21 17
24 24 20 0 22 17 25 25 23
18 24 16 22 0 23 21 18 25
21 17 23 17 23 0 22 15 24
24 24 21 25 21 22 0 15 25
25 18 21 25 18 15 15 0 23
15 25 17 23 25 24 25 23 0
