7
4
87 27 77 2 27 109 22
0 17 21 23 15 20 19 18 24
17 0 25 19 19 17 17 19 23
21 25 0 23 22 23 25 16 24
23 19 23 0 20 15 15 24 21
15 19 22 20 0 18 25 15 22
20 17 23 15 18 0 19 15 20
19 17 25 15 25 19 0 15 19
18 19 16 24 15 15 15 0 16
24 23 24 21 22 20 19 16 0
