7
9
11 56 75 57 64 50 48
0 23 21 17 21 21 25 21 19
23 0 21 23 15 24 23 25 20
21 21 0 21 18 20 19 18 16
17 23 21 0 24 19 19 25 17
21 15 18 24 0 22 18 18 24
21 24 20 19 22 0 18 15 23
25 23 19 19 18 18 0 18 23
21 25 18 25 18 15 18 0 22
19 20 16 17 24 23 23 22 0
