7
7
57 54 14 3 40 67 69
0 15 20 22 24 22 17 18 15
15 0 23 24 15 25 25 16 18
20 23 0 17 19 19 22 18 23
22 24 17 0 22 16 22 21 21
24 15 19 22 0 19 24 17 16
22 25 19 16 19 0 18 18 16
17 25 22 22 24 18 0 21 16
18 16 18 21 17 18 21 0 15
15 18 23 21 16 16 16 15 0
