7
5
115 17 3 103 77 95 78
0 21 21 19 17 15 23 20 15
21 0 21 18 19 16 20 19 15
21 21 0 18 25 25 18 23 17
19 18 18 0 15 19 21 15 15
17 19 25 15 0 25 22 16 23
15 16 25 19 25 0 15 15 19
23 20 18 21 22 15 0 15 16
20 19 23 15 16 15 15 0 18
15 15 17 15 23 19 16 18 0
