7
24
37 22 30 5 26 17 5 3 22 13 21 38 7 12 4 36 27 29 27 29 10 5 26 18
7 9 5 20 21 32 18 5 32 13 19 18 9 8 7 39 28 32 11 27 24 5 32 21
10 7 32 10 13 35 36 11 3 4 8 16 3 9 32 3 24 17 25 18 23 16 30 17
20 40 20 20 1 23 14 31 12 14 32 12 30 4 6 39 4 27 3 17 35 37 34 5
4 34 33 7 40 15 40 17 23 4 11 15 36 6 26 12 27 24 29 9 33 28 33 6
15 9 34 31 7 12 2 32 28 8 10 3 7 33 26 35 30 33 6 2 28 18 2 21
25 33 31 10 31 29 7 2 34 17 28 38 8 36 1 33 24 19 27 6 20 4 3 13
0 19 15 21 16 23 25 18 16
19 0 23 19 19 16 22 16 19
15 23 0 20 15 20 20 20 24
21 19 20 0 25 24 17 24 19
16 19 15 25 0 18 25 23 24
23 16 20 24 18 0 23 20 15
25 22 20 17 25 23 0 16 25
18 16 20 24 23 20 16 0 24
16 19 24 19 24 15 25 24 0
