7
5
47 58 37 17 57 31 45
0 21 22 18 23 25 17 15 19
21 0 16 20 15 24 16 24 18
22 16 0 23 19 24 25 16 25
18 20 23 0 24 23 15 15 23
23 15 19 24 0 17 24 18 24
25 24 24 23 17 0 23 17 24
17 16 25 15 24 23 0 22 15
15 24 16 15 18 17 22 0 18
19 18 25 23 24 24 15 18 0
