7
9
82 52 36 68 31 99 109
0 18 15 22 18 20 21 22 24
18 0 18 24 25 20 24 17 22
15 18 0 17 15 15 18 22 15
22 24 17 0 17 16 21 22 15
18 25 15 17 0 15 22 22 24
20 20 15 16 15 0 16 20 18
21 24 18 21 22 16 0 18 25
22 17 22 22 22 20 18 0 24
24 22 15 15 24 18 25 24 0
