7
11
23 23 26 6 39 12 1
0 18 25 17 25 21 15 24 21
18 0 18 24 24 20 21 25 21
25 18 0 16 24 16 16 16 23
17 24 16 0 16 19 25 23 20
25 24 24 16 0 25 22 20 18
21 20 16 19 25 0 25 25 25
15 21 16 25 22 25 0 20 25
24 25 16 23 20 25 20 0 24
21 21 23 20 18 25 25 24 0
