7
22
27 51 28 31 2 80 38 49 53 66 63 31 60 80 55 72 9 79 50 30 18 19
68 6 9 1 75 78 47 17 7 35 25 15 28 18 6 38 62 34 50 3 30 67
76 26 19 79 17 18 2 1 44 26 33 53 51 3 35 74 38 51 2 36 35 35
33 65 55 4 63 76 63 43 2 25 20 71 13 8 15 67 53 50 42 71 30 42
62 27 40 5 59 29 17 20 36 9 61 75 45 15 76 57 56 31 53 58 18 13
17 73 10 4 38 62 73 19 38 74 53 8 48 76 15 60 64 74 34 36 35 27
37 11 34 27 35 36 55 62 43 47 44 64 10 27 38 79 1 13 77 53 19 56
0 23 25 17 25 25 17 21 24
23 0 22 20 19 15 18 23 21
25 22 0 20 24 23 15 22 15
17 20 20 0 17 23 22 17 18
25 19 24 17 0 23 22 15 24
25 15 23 23 23 0 23 23 16
17 18 15 22 22 23 0 17 19
21 23 22 17 15 23 17 0 25
24 21 15 18 24 16 19 25 0
