7
4
39 16 80 37
75 69 82 63
21 21 37 37
86 32 91 60
82 87 79 2
11 86 48 15
104 48 64 27
0 21 22 23 19 18 25 25 16
21 0 22 25 15 21 25 17 23
22 22 0 25 19 22 18 19 18
23 25 25 0 24 15 23 24 22
19 15 19 24 0 24 16 19 19
18 21 22 15 24 0 18 24 18
25 25 18 23 16 18 0 22 24
25 17 19 24 19 24 22 0 16
16 23 18 22 19 18 24 16 0
