7
22
45 80 82 124 13 71 110 121 130 16 80 72 102 121 4 48 94 23 66 14 158 3
38 151 17 109 1 111 46 10 131 1 49 113 46 14 38 78 62 104 57 119 92 49
46 33 137 144 80 49 92 132 85 112 128 72 5 14 71 64 22 108 44 111 63 60
87 80 53 134 49 89 102 26 68 112 121 38 9 94 7 52 104 29 5 86 70 78
7 107 109 90 157 150 134 128 70 38 87 21 146 62 16 106 51 65 3 50 27 27
70 12 127 151 94 99 77 32 17 149 137 90 145 49 16 7 104 88 8 98 36 120
93 21 86 123 123 117 127 60 79 21 148 158 68 39 114 23 49 86 48 157 9 97
0 17 17 20 22 23 17 22 19
17 0 23 25 18 25 18 17 19
17 23 0 25 19 18 19 18 20
20 25 25 0 21 15 17 16 24
22 18 19 21 0 24 24 24 17
23 25 18 15 24 0 24 23 18
17 18 19 17 24 24 0 23 20
22 17 18 16 24 23 23 0 23
19 19 20 24 17 18 20 23 0
