7
14
47 74 64 112 80 28 135
0 20 20 19 25 16 18 18 21
20 0 25 25 18 16 18 17 24
20 25 0 17 17 15 25 21 17
19 25 17 0 19 25 24 21 25
25 18 17 19 0 18 15 16 21
16 16 15 25 18 0 19 15 23
18 18 25 24 15 19 0 16 23
18 17 21 21 16 15 16 0 19
21 24 17 25 21 23 23 19 0
