7
14
10 35 23 3 10 4 1 5 14 35 15 6 17 39
12 18 17 35 27 5 17 23 26 27 1 7 19 39
36 16 13 25 27 10 35 40 27 11 28 37 22 11
30 40 30 26 2 11 28 13 27 38 21 5 35 34
2 24 10 10 15 12 35 21 38 11 32 19 12 32
3 18 3 22 3 4 21 37 32 14 17 5 11 8
33 6 8 1 40 36 4 20 8 31 26 25 30 31
0 18 21 25 17 18 17 24 19
18 0 18 22 18 20 17 15 15
21 18 0 24 23 16 21 23 22
25 22 24 0 18 21 22 16 24
17 18 23 18 0 16 15 18 20
18 20 16 21 16 0 25 19 19
17 17 21 22 15 25 0 16 25
24 15 23 16 18 19 16 0 15
19 15 22 24 20 19 25 15 0
