7
7
56 58 144 11 153 39 72
0 23 22 21 16 21 24 18 25
23 0 19 23 15 25 16 16 21
22 19 0 24 16 25 22 24 24
21 23 24 0 17 19 17 22 19
16 15 16 17 0 18 24 17 22
21 25 25 19 18 0 25 16 23
24 16 22 17 24 25 0 24 16
18 16 24 22 17 16 24 0 25
25 21 24 19 22 23 16 25 0
