7
18
18 59 45 27 77 65 34 36 3 33 5 63 71 26 35 75 22 45
66 43 56 69 49 65 53 2 11 73 77 10 70 57 33 45 77 74
40 73 75 43 16 62 61 32 79 41 43 63 52 72 61 1 21 59
38 45 47 47 67 44 4 74 72 24 6 71 49 65 12 14 52 28
57 16 67 53 61 66 69 74 63 56 53 76 51 22 5 37 60 75
45 54 16 77 26 50 6 75 56 79 42 64 66 72 50 23 26 60
33 24 28 22 56 36 42 65 56 53 64 6 44 70 5 17 38 57
0 23 23 19 18 18 19 21 17
23 0 16 17 20 19 20 17 24
23 16 0 24 15 22 23 24 19
19 17 24 0 15 20 16 24 19
18 20 15 15 0 19 17 25 19
18 19 22 20 19 0 20 23 22
19 20 23 16 17 20 0 17 24
21 17 24 24 25 23 17 0 19
17 24 19 19 19 22 24 19 0
