7
12
1 21 33 35 24 4 23
0 21 23 24 24 15 18 20 21
21 0 17 15 21 16 24 23 15
23 17 0 18 18 18 18 21 17
24 15 18 0 19 24 21 20 18
24 21 18 19 0 22 17 25 24
15 16 18 24 22 0 18 22 18
18 24 18 21 17 18 0 22 22
20 23 21 20 25 22 22 0 25
21 15 17 18 24 18 22 25 0
