7
8
36 29 45 36 43 19 40 71
66 13 44 74 60 79 46 37
60 77 5 27 55 9 57 55
5 34 14 41 38 36 49 61
8 44 64 50 19 66 38 37
12 71 29 34 67 5 2 13
36 65 61 18 39 43 61 26
0 18 17 19 16 20 17 23 18
18 0 15 20 16 22 20 23 23
17 15 0 24 21 18 19 24 15
19 20 24 0 16 22 19 20 25
16 16 21 16 0 21 23 20 16
20 22 18 22 21 0 17 16 16
17 20 19 19 23 17 0 22 24
23 23 24 20 20 16 22 0 23
18 23 15 25 16 16 24 23 0
