7
5
4 74 10 158 79 88 122
0 16 23 24 16 25 18 18 19
16 0 21 17 15 20 22 15 19
23 21 0 24 23 17 19 17 16
24 17 24 0 19 22 22 20 19
16 15 23 19 0 17 17 24 17
25 20 17 22 17 0 21 22 23
18 22 19 22 17 21 0 16 23
18 15 17 20 24 22 16 0 17
19 19 16 19 17 23 23 17 0
