7
7
1 7 37 43 3 23 34
0 15 23 19 25 25 25 19 21
15 0 18 20 18 17 17 23 15
23 18 0 24 21 25 21 22 17
19 20 24 0 21 24 23 17 25
25 18 21 21 0 23 17 21 25
25 17 25 24 23 0 16 23 25
25 17 21 23 17 16 0 17 21
19 23 22 17 21 23 17 0 19
21 15 17 25 25 25 21 19 0
