7
4
68 22 67 8
61 21 78 68
9 37 43 19
32 29 80 14
16 67 22 45
75 19 1 4
71 34 23 46
0 19 19 22 16 17 24 24 24
19 0 15 15 21 25 15 24 17
19 15 0 19 17 25 18 22 25
22 15 19 0 18 19 21 25 17
16 21 17 18 0 18 16 15 16
17 25 25 19 18 0 15 15 23
24 15 18 21 16 15 0 18 16
24 24 22 25 15 15 18 0 19
24 17 25 17 16 23 16 19 0
