7
26
28 26 89 102 101 53 117 112 105 28 58 7 45 4 24 55 37 27 99 112 38 60 64 98 5 6
4 83 18 117 43 49 6 103 111 86 34 44 9 94 35 117 31 23 63 12 21 55 61 85 97 62
9 31 80 22 92 1 9 45 85 95 85 94 43 6 64 57 22 89 18 22 39 79 18 73 79 74
116 54 50 77 117 73 14 30 54 120 78 32 73 109 119 105 21 102 86 89 24 65 14 53 103 112
20 16 107 20 40 51 69 76 62 19 77 47 74 1 71 84 38 26 111 88 23 10 6 16 69 110
22 28 45 102 45 41 41 50 111 75 98 108 36 83 107 93 61 7 116 5 59 35 91 68 100 88
98 60 71 58 34 83 26 66 34 25 101 1 95 64 115 120 15 20 105 38 17 14 25 69 82 15
0 19 15 22 21 23 19 16 20
19 0 19 25 24 17 22 20 25
15 19 0 18 19 22 17 22 18
22 25 18 0 23 19 21 25 24
21 24 19 23 0 21 20 17 18
23 17 22 19 21 0 21 20 23
19 22 17 21 20 21 0 22 24
16 20 22 25 17 20 22 0 18
20 25 18 24 18 23 24 18 0
