7
9
1 21 9 35 31 33 28
0 24 21 17 21 19 18 24 21
24 0 21 23 19 15 24 18 17
21 21 0 17 23 25 22 20 25
17 23 17 0 19 21 21 24 24
21 19 23 19 0 20 18 24 19
19 15 25 21 20 0 23 20 18
18 24 22 21 18 23 0 22 17
24 18 20 24 24 20 22 0 15
21 17 25 24 19 18 17 15 0
