7
16
32 29 31 9 28 20 1
0 25 21 20 20 20 21 21 19
25 0 16 23 19 22 16 25 23
21 16 0 17 18 23 25 18 16
20 23 17 0 20 19 20 22 21
20 19 18 20 0 20 22 24 23
20 22 23 19 20 0 18 22 16
21 16 25 20 22 18 0 22 23
21 25 18 22 24 22 22 0 19
19 23 16 21 23 16 23 19 0
