7
11
25 37 57 60 85 25 6
0 25 25 20 16 19 23 25 25
25 0 24 20 24 20 22 18 15
25 24 0 24 16 15 25 23 16
20 20 24 0 22 19 18 18 23
16 24 16 22 0 21 20 19 20
19 20 15 19 21 0 15 17 15
23 22 25 18 20 15 0 24 24
25 18 23 18 19 17 24 0 20
25 15 16 23 20 15 24 20 0
