7
13
5 43 74 63 42 60 49
0 20 25 24 19 15 23 16 19
20 0 17 21 15 17 20 24 17
25 17 0 17 24 19 17 20 16
24 21 17 0 21 18 18 15 20
19 15 24 21 0 22 20 25 17
15 17 19 18 22 0 20 15 19
23 20 17 18 20 20 0 19 15
16 24 20 15 25 15 19 0 25
19 17 16 20 17 19 15 25 0
