7
8
71 104 62 17 50 56 63
0 25 24 25 18 15 22 24 25
25 0 19 18 16 16 22 21 25
24 19 0 17 24 19 17 24 23
25 18 17 0 21 15 21 18 25
18 16 24 21 0 22 20 15 17
15 16 19 15 22 0 25 24 18
22 22 17 21 20 25 0 15 24
24 21 24 18 15 24 15 0 23
25 25 23 25 17 18 24 23 0
