7
8
14 14 62 27 59 38 20 45
76 80 56 61 44 42 72 34
29 68 58 69 18 58 52 68
51 18 49 6 41 1 28 51
15 64 26 3 53 8 12 61
29 17 59 71 34 62 53 6
66 58 48 71 25 36 42 73
0 19 16 19 17 25 21 16 22
19 0 20 15 16 23 20 19 21
16 20 0 23 20 20 21 16 21
19 15 23 0 21 22 25 21 18
17 16 20 21 0 15 19 16 18
25 23 20 22 15 0 22 23 15
21 20 21 25 19 22 0 16 22
16 19 16 21 16 23 16 0 15
22 21 21 18 18 15 22 15 0
