7
10
14 16 26 10 21 31 5 18 7 38
25 13 28 29 38 22 17 7 39 10
26 20 8 35 10 29 36 10 4 36
33 8 3 16 28 13 40 28 6 29
16 27 24 39 24 7 25 39 38 10
39 5 16 34 11 31 1 35 40 39
38 21 34 4 5 8 24 26 24 5
0 23 23 16 22 23 25 16 22
23 0 19 23 18 15 24 20 19
23 19 0 21 17 22 16 21 23
16 23 21 0 22 19 21 18 21
22 18 17 22 0 23 19 23 17
23 15 22 19 23 0 25 17 25
25 24 16 21 19 25 0 20 21
16 20 21 18 23 17 20 0 18
22 19 23 21 17 25 21 18 0
