7
8
45 72 111 15 109 58 93
0 16 20 19 19 20 17 21 20
16 0 25 22 25 25 23 22 23
20 25 0 16 20 15 23 24 25
19 22 16 0 19 20 17 15 24
19 25 20 19 0 15 19 25 23
20 25 15 20 15 0 19 25 17
17 23 23 17 19 19 0 22 23
21 22 24 15 25 25 22 0 25
20 23 25 24 23 17 23 25 0
