7
8
59 115 115 95 148 70 87 138
11 115 160 141 100 154 74 31
30 20 86 27 1 148 87 74
150 69 28 54 80 129 33 107
151 9 90 157 38 148 135 20
140 140 71 128 25 141 116 44
3 113 66 56 145 99 23 97
0 17 22 16 23 21 23 20 19
17 0 18 16 17 16 23 24 15
22 18 0 15 22 24 19 25 19
16 16 15 0 15 17 16 25 22
23 17 22 15 0 21 16 25 25
21 16 24 17 21 0 22 21 21
23 23 19 16 16 22 0 21 22
20 24 25 25 25 21 21 0 20
19 15 19 22 25 21 22 20 0
