7
10
49 98 122 1 47 101 6 46 4 13
94 118 91 36 127 148 18 157 105 138
4 1 148 100 11 26 46 96 91 87
106 7 56 93 69 1 97 4 52 144
123 151 120 148 107 46 91 113 11 145
157 157 23 71 1 158 88 99 58 78
119 39 23 106 34 6 148 42 160 158
0 20 22 22 24 25 19 24 19
20 0 24 18 21 22 19 20 17
22 24 0 25 16 18 20 24 15
22 18 25 0 19 22 20 17 22
24 21 16 19 0 17 16 17 17
25 22 18 22 17 0 17 21 20
19 19 20 20 16 17 0 21 24
24 20 24 17 17 21 21 0 23
19 17 15 22 17 20 24 23 0
