7
7
33 34 2 27 36 35 22
0 17 22 19 19 21 17 17 18
17 0 16 22 18 18 25 16 25
22 16 0 20 21 25 22 22 20
19 22 20 0 23 20 23 19 16
19 18 21 23 0 15 18 21 15
21 18 25 20 15 0 22 25 20
17 25 22 23 18 22 0 24 24
17 16 22 19 21 25 24 0 20
18 25 20 16 15 20 24 20 0
