7
10
150 49 135 25 143 138 159
0 23 24 23 19 17 24 20 20
23 0 22 15 19 25 22 21 19
24 22 0 17 23 15 18 23 18
23 15 17 0 23 25 17 20 16
19 19 23 23 0 24 21 22 25
17 25 15 25 24 0 25 18 17
24 22 18 17 21 25 0 23 21
20 21 23 20 22 18 23 0 22
20 19 18 16 25 17 21 22 0
