7
10
28 19 8 38 10 25 32
0 19 25 20 25 22 21 25 21
19 0 22 25 24 24 16 23 16
25 22 0 19 21 25 16 20 24
20 25 19 0 16 25 15 21 23
25 24 21 16 0 22 23 25 19
22 24 25 25 22 0 19 21 21
21 16 16 15 23 19 0 24 17
25 23 20 21 25 21 24 0 15
21 16 24 23 19 21 17 15 0
