7
14
159 30 72 55 59 104 58 160 3 79 122 4 130 3
7 84 12 159 24 52 124 96 126 112 149 112 64 52
79 142 157 102 83 28 94 139 114 1 124 51 27 91
1 24 18 46 25 130 55 23 137 61 12 104 58 28
122 5 118 158 36 124 78 29 69 138 46 76 80 144
147 1 127 27 106 97 111 2 65 14 114 122 155 85
154 1 152 78 94 144 115 85 62 60 71 101 75 64
0 17 21 15 25 25 15 19 24
17 0 15 24 16 15 17 16 22
21 15 0 22 21 22 21 19 17
15 24 22 0 16 18 15 24 25
25 16 21 16 0 15 23 15 25
25 15 22 18 15 0 19 19 24
15 17 21 15 23 19 0 21 21
19 16 19 24 15 19 21 0 19
24 22 17 25 25 24 21 19 0
