7
4
103 117 127 43 76 79 51
0 20 18 18 24 15 21 17 17
20 0 21 15 18 23 15 22 15
18 21 0 25 25 22 21 25 18
18 15 25 0 22 21 24 15 20
24 18 25 22 0 24 23 15 18
15 23 22 21 24 0 21 23 15
21 15 21 24 23 21 0 22 25
17 22 25 15 15 23 22 0 24
17 15 18 20 18 15 25 24 0
