7
13
116 113 43 66 78 100 79
0 24 15 21 22 21 18 19 20
24 0 19 16 24 25 19 24 18
15 19 0 25 19 24 16 16 23
21 16 25 0 20 15 21 15 18
22 24 19 20 0 20 16 20 19
21 25 24 15 20 0 21 21 16
18 19 16 21 16 21 0 15 20
19 24 16 15 20 21 15 0 19
20 18 23 18 19 16 20 19 0
