7
26
101 39 109 118 23 154 72 65 65 118 155 82 146 96 65 32 53 134 5 57 146 23 2 72 153 160
22 95 19 143 98 113 137 102 66 43 16 72 5 23 112 8 133 147 149 107 65 146 12 126 15 24
76 97 96 40 144 8 34 157 152 17 134 71 132 91 135 117 117 10 26 49 132 98 121 107 75 74
51 104 48 58 115 117 67 71 104 69 134 81 109 10 123 11 57 63 151 24 105 111 159 12 94 157
30 76 83 152 155 108 61 115 98 77 66 30 67 145 9 49 129 148 92 126 147 19 116 73 58 24
2 53 66 102 48 33 114 150 41 61 4 46 141 133 16 4 53 119 43 78 74 148 25 30 133 70
94 41 116 72 61 15 95 2 49 150 102 34 107 18 116 50 26 37 41 10 95 64 30 109 30 9
0 15 22 19 23 24 20 23 25
15 0 24 17 21 16 24 25 25
22 24 0 15 18 17 15 21 23
19 17 15 0 15 16 23 25 23
23 21 18 15 0 21 15 23 21
24 16 17 16 21 0 25 25 20
20 24 15 23 15 25 0 19 19
23 25 21 25 23 25 19 0 19
25 25 23 23 21 20 19 19 0
