7
26
23 34 35 26 27 40 21 3 21 22 15 39 31 7 6 14 1 39 18 37 15 39 9 32 13 39
5 7 37 7 26 20 35 8 5 5 36 34 40 11 20 7 11 34 33 1 37 11 11 34 1 34
17 1 25 32 21 24 16 25 13 5 6 26 11 17 34 3 36 17 15 5 27 21 19 1 25 32
29 20 4 27 19 5 24 2 35 2 23 7 15 17 28 18 16 7 10 35 3 39 11 12 12 22
26 5 23 26 5 31 21 35 6 11 23 20 15 29 6 33 34 7 11 36 26 34 4 35 39 4
12 8 37 21 7 31 25 26 40 35 10 11 34 39 17 26 32 30 19 31 10 8 4 35 29 39
28 7 17 39 26 23 31 31 21 8 28 17 18 39 26 36 4 9 29 18 13 21 34 6 31 24
0 20 15 18 20 16 23 15 25
20 0 18 18 19 25 16 20 21
15 18 0 25 18 21 23 23 20
18 18 25 0 18 19 23 22 24
20 19 18 18 0 15 21 18 21
16 25 21 19 15 0 17 17 21
23 16 23 23 21 17 0 16 22
15 20 23 22 18 17 16 0 25
25 21 20 24 21 21 22 25 0
