7
9
64 49 63 26 26 45 80
0 23 16 22 23 19 22 24 20
23 0 17 18 16 16 18 22 25
16 17 0 24 17 22 23 18 25
22 18 24 0 24 19 16 22 21
23 16 17 24 0 18 20 19 23
19 16 22 19 18 0 22 17 25
22 18 23 16 20 22 0 23 19
24 22 18 22 19 17 23 0 19
20 25 25 21 23 25 19 19 0
