7
6
105 5 144 27 4 17 31
0 23 20 21 18 15 22 17 16
23 0 18 17 24 21 22 15 22
20 18 0 25 20 16 24 16 23
21 17 25 0 16 17 20 22 18
18 24 20 16 0 23 16 15 17
15 21 16 17 23 0 17 23 20
22 22 24 20 16 17 0 19 19
17 15 16 22 15 23 19 0 20
16 22 23 18 17 20 19 20 0
