7
9
48 56 7 38 55 11 44
0 16 17 19 16 24 25 16 25
16 0 23 16 23 18 23 16 16
17 23 0 15 20 16 21 25 21
19 16 15 0 25 19 18 17 25
16 23 20 25 0 22 23 20 23
24 18 16 19 22 0 23 16 23
25 23 21 18 23 23 0 20 21
16 16 25 17 20 16 20 0 20
25 16 21 25 23 23 21 20 0
