7
16
106 5 81 12 11 13 50
0 16 18 21 18 17 20 20 15
16 0 17 15 19 24 22 18 22
18 17 0 22 17 16 18 18 25
21 15 22 0 16 23 21 22 25
18 19 17 16 0 20 15 15 25
17 24 16 23 20 0 25 19 18
20 22 18 21 15 25 0 20 15
20 18 18 22 15 19 20 0 21
15 22 25 25 25 18 15 21 0
