7
15
45 8 30 57 2 27 74
0 20 25 15 18 23 19 25 17
20 0 24 16 21 15 19 15 19
25 24 0 15 19 15 15 19 19
15 16 15 0 16 16 24 21 15
18 21 19 16 0 22 21 22 20
23 15 15 16 22 0 20 21 16
19 19 15 24 21 20 0 23 21
25 15 19 21 22 21 23 0 25
17 19 19 15 20 16 21 25 0
