7
20
13 16 71 103 71 100 22 88 39 66 19 68 108 156 65 111 126 18 34 137
17 46 23 108 133 132 4 36 145 159 32 96 104 92 121 45 152 78 149 12
48 76 51 18 66 137 66 124 127 122 5 103 67 132 77 135 102 32 155 111
112 122 133 32 82 133 31 95 145 78 26 34 51 93 140 66 82 52 34 131
70 53 118 47 73 131 40 148 129 37 58 27 79 81 45 100 8 146 16 92
129 24 133 3 154 101 81 128 141 82 56 51 94 134 113 151 36 14 54 127
85 103 108 38 140 143 83 45 90 73 145 98 16 62 86 136 137 81 97 59
0 23 17 25 18 25 17 23 25
23 0 25 24 18 18 18 23 24
17 25 0 23 20 22 22 21 21
25 24 23 0 22 21 19 19 25
18 18 20 22 0 19 21 25 22
25 18 22 21 19 0 16 17 18
17 18 22 19 21 16 0 18 19
23 23 21 19 25 17 18 0 25
25 24 21 25 22 18 19 25 0
