7
5
48 13 22 30 39 23 72
0 17 15 17 21 16 24 17 22
17 0 20 23 18 23 20 18 17
15 20 0 25 21 21 15 22 18
17 23 25 0 22 20 25 17 15
21 18 21 22 0 20 20 22 21
16 23 21 20 20 0 25 24 22
24 20 15 25 20 25 0 21 25
17 18 22 17 22 24 21 0 15
22 17 18 15 21 22 25 15 0
