7
14
114 124 59 27 26 94 133
0 15 22 20 24 25 24 18 20
15 0 17 24 20 23 20 24 24
22 17 0 17 23 15 22 23 20
20 24 17 0 17 21 21 24 19
24 20 23 17 0 24 19 18 15
25 23 15 21 24 0 15 23 24
24 20 22 21 19 15 0 15 24
18 24 23 24 18 23 15 0 20
20 24 20 19 15 24 24 20 0
