7
8
15 40 15 40 17 38 21 8
38 22 14 1 7 36 20 26
10 26 37 13 20 5 14 25
36 11 25 38 27 23 14 20
10 6 1 18 5 13 28 15
13 13 21 25 28 15 26 2
20 23 16 12 21 13 12 28
0 19 20 16 23 25 18 15 16
19 0 15 19 21 18 24 21 21
20 15 0 19 15 21 24 23 25
16 19 19 0 15 18 25 16 19
23 21 15 15 0 20 15 23 17
25 18 21 18 20 0 18 24 17
18 24 24 25 15 18 0 20 20
15 21 23 16 23 24 20 0 19
16 21 25 19 17 17 20 19 0
