7
12
101 39 109 118 23 154 72
0 19 19 22 24 20 25 24 20
19 0 19 16 18 23 25 15 18
19 19 0 24 16 15 19 24 24
22 16 24 0 16 20 16 23 21
24 18 16 16 0 25 22 23 21
20 23 15 20 25 0 19 17 15
25 25 19 16 22 19 0 19 15
24 15 24 23 23 17 19 0 16
20 18 24 21 21 15 15 16 0
