7
14
26 19 11 30 74 17 47 65 48 54 57 31 59 6
15 41 22 16 70 66 9 32 50 50 10 15 7 56
43 42 7 6 40 69 53 50 29 62 32 21 50 13
42 67 47 23 46 69 69 42 30 43 27 20 13 79
3 59 33 59 5 39 7 38 19 46 18 49 53 20
69 16 15 22 62 11 71 27 33 26 64 19 37 36
44 77 71 33 15 70 12 68 53 25 3 45 48 73
0 16 22 21 19 22 17 16 25
16 0 18 23 16 24 19 21 16
22 18 0 17 17 15 19 15 22
21 23 17 0 21 19 16 19 23
19 16 17 21 0 21 20 18 20
22 24 15 19 21 0 21 21 19
17 19 19 16 20 21 0 25 17
16 21 15 19 18 21 25 0 24
25 16 22 23 20 19 17 24 0
