7
4
10 27 12 23
31 27 38 30
10 23 16 20
1 13 29 29
36 37 30 3
29 25 36 21
1 12 11 19
0 16 24 17 15 25 25 18 15
16 0 17 15 16 19 23 15 20
24 17 0 19 15 17 25 24 16
17 15 19 0 19 17 20 25 16
15 16 15 19 0 24 23 24 25
25 19 17 17 24 0 20 19 18
25 23 25 20 23 20 0 23 23
18 15 24 25 24 19 23 0 16
15 20 16 16 25 18 23 16 0
