7
4
40 21 67 12 40 116 114
0 21 21 16 15 15 24 25 18
21 0 20 15 24 16 18 16 23
21 20 0 19 20 24 17 15 20
16 15 19 0 24 20 24 20 24
15 24 20 24 0 17 16 19 25
15 16 24 20 17 0 22 19 22
24 18 17 24 16 22 0 15 23
25 16 15 20 19 19 15 0 22
18 23 20 24 25 22 23 22 0
