7
10
8 17 21 33 23 30 21 17 18 19
22 30 12 13 28 25 11 38 12 30
16 25 16 39 1 12 6 25 9 23
27 28 28 22 35 30 37 7 10 39
16 6 5 13 6 36 36 16 17 5
36 3 34 37 40 20 14 33 34 31
12 2 36 4 32 22 2 13 20 27
0 24 23 16 21 23 24 22 22
24 0 18 20 19 25 22 18 19
23 18 0 22 16 18 19 16 25
16 20 22 0 21 17 21 20 24
21 19 16 21 0 18 25 15 17
23 25 18 17 18 0 25 19 19
24 22 19 21 25 25 0 16 18
22 18 16 20 15 19 16 0 18
22 19 25 24 17 19 18 18 0
