7
6
39 16 58 35 37 65
67 56 25 1 11 43
55 30 34 68 47 36
49 12 74 40 4 58
62 69 23 53 72 2
47 57 17 2 77 65
49 22 5 60 7 70
0 17 18 23 19 16 23 16 24
17 0 18 25 15 25 17 24 25
18 18 0 23 24 23 22 17 18
23 25 23 0 23 15 16 22 23
19 15 24 23 0 25 20 20 19
16 25 23 15 25 0 25 17 15
23 17 22 16 20 25 0 18 20
16 24 17 22 20 17 18 0 25
24 25 18 23 19 15 20 25 0
