7
16
5 32 12 37 6 22 40 6 27 6 7 7 7 9 33 18
17 30 19 14 21 22 14 13 26 30 33 13 16 18 23 3
36 12 6 9 15 7 19 24 3 25 7 4 34 23 10 2
7 22 34 23 27 16 22 8 19 6 10 5 24 6 17 30
9 30 36 13 16 37 2 28 6 13 36 10 12 27 32 36
5 5 15 15 26 19 1 35 9 6 38 3 7 36 22 16
7 7 33 12 8 33 7 36 25 36 22 30 20 23 22 5
0 19 22 20 19 19 15 15 18
19 0 18 15 16 24 23 16 20
22 18 0 23 17 24 25 21 21
20 15 23 0 24 21 24 19 20
19 16 17 24 0 17 22 16 18
19 24 24 21 17 0 22 22 22
15 23 25 24 22 22 0 20 23
15 16 21 19 16 22 20 0 24
18 20 21 20 18 22 23 24 0
