7
20
8 110 60 141 57 59 128 68 114 160 125 116 124 95 88 136 139 6 27 40
16 141 91 118 13 45 25 149 85 135 50 72 119 6 116 83 133 23 34 81
7 106 65 105 144 158 104 64 77 128 78 61 112 26 108 87 88 25 119 90
12 92 61 142 22 84 138 61 32 89 26 115 120 150 33 48 24 131 3 92
60 73 135 23 84 75 94 60 81 3 119 6 105 85 129 156 57 29 80 69
81 79 75 123 153 79 49 155 17 151 160 75 1 125 53 159 153 85 106 110
112 111 50 152 13 148 18 155 121 67 33 32 76 154 127 118 39 108 84 28
0 25 20 18 22 18 20 18 24
25 0 23 16 25 19 20 15 21
20 23 0 24 17 24 21 18 22
18 16 24 0 20 20 21 23 19
22 25 17 20 0 19 24 15 17
18 19 24 20 19 0 24 21 15
20 20 21 21 24 24 0 17 20
18 15 18 23 15 21 17 0 25
24 21 22 19 17 15 20 25 0
