7
18
16 26 3 19 45 2 49 13 46 29 9 25 56 46 59 35 43 3
38 35 29 40 8 51 13 54 7 18 68 16 24 49 18 69 50 58
79 48 7 65 53 49 33 63 65 75 61 36 61 9 71 5 80 62
47 46 51 31 25 4 77 75 60 27 69 53 3 7 18 53 35 80
10 60 9 45 50 7 72 27 47 57 28 45 6 78 38 43 13 72
34 34 8 74 60 25 7 62 62 8 69 11 65 29 38 15 63 11
77 61 73 54 18 21 70 35 42 51 56 14 66 69 42 58 42 59
0 23 15 15 23 22 15 20 23
23 0 17 18 25 20 20 20 15
15 17 0 17 25 25 17 23 20
15 18 17 0 23 16 25 22 22
23 25 25 23 0 18 15 15 16
22 20 25 16 18 0 18 23 17
15 20 17 25 15 18 0 16 16
20 20 23 22 15 23 16 0 21
23 15 20 22 16 17 16 21 0
