7
6
46 36 63 79 6 68 63
0 22 16 21 21 21 24 16 23
22 0 15 21 18 20 16 21 21
16 15 0 19 21 18 15 20 15
21 21 19 0 18 20 21 16 18
21 18 21 18 0 18 22 21 23
21 20 18 20 18 0 25 21 21
24 16 15 21 22 25 0 25 24
16 21 20 16 21 21 25 0 15
23 21 15 18 23 21 24 15 0
