7
18
53 51 31 79 30 59 69 2 23 14 1 62 24 16 49 53 46 72
16 32 5 42 41 39 73 62 38 3 37 35 27 23 52 13 76 42
7 24 56 43 11 39 16 3 66 35 78 79 73 68 41 5 52 16
30 30 3 41 72 63 58 26 4 13 13 39 68 52 3 47 33 1
1 50 26 57 75 27 32 71 33 63 73 79 80 44 24 67 56 20
5 55 1 2 60 64 24 29 27 12 20 71 67 26 54 37 58 66
12 30 31 5 70 43 15 35 57 42 48 24 29 4 57 26 59 21
0 25 16 19 17 18 16 15 23
25 0 18 23 20 18 21 23 20
16 18 0 16 20 24 18 18 19
19 23 16 0 17 17 17 20 18
17 20 20 17 0 22 18 22 18
18 18 24 17 22 0 18 25 15
16 21 18 17 18 18 0 19 20
15 23 18 20 22 25 19 0 20
23 20 19 18 18 15 20 20 0
