7
8
23 64 87 47 92 42 71 64
92 58 88 23 79 11 118 34
16 57 94 20 81 28 16 31
36 119 98 90 15 79 32 107
116 16 76 61 92 93 98 74
88 23 119 109 52 41 52 85
100 95 26 36 86 106 69 46
0 18 25 23 24 25 22 16 18
18 0 22 22 18 16 20 19 22
25 22 0 20 19 16 18 21 15
23 22 20 0 16 24 20 19 21
24 18 19 16 0 20 15 20 22
25 16 16 24 20 0 16 24 23
22 20 18 20 15 16 0 20 17
16 19 21 19 20 24 20 0 16
18 22 15 21 22 23 17 16 0
