7
12
77 18 106 17 32 81 1 43 113 22 54 24
68 57 11 67 57 82 119 56 95 35 53 112
25 102 87 7 38 120 58 50 102 90 115 49
109 66 119 57 27 27 30 1 54 62 74 13
76 93 115 60 76 56 92 2 81 119 116 72
4 119 46 2 47 99 103 60 40 77 30 57
64 40 79 37 7 12 112 15 78 77 17 91
0 24 19 21 15 18 19 21 19
24 0 21 17 19 19 18 17 24
19 21 0 19 24 25 19 21 15
21 17 19 0 19 24 16 16 16
15 19 24 19 0 25 22 18 15
18 19 25 24 25 0 16 16 25
19 18 19 16 22 16 0 17 24
21 17 21 16 18 16 17 0 21
19 24 15 16 15 25 24 21 0
