7
4
13 21 12 30 14 27 27
0 16 24 16 16 25 23 23 15
16 0 17 16 16 25 20 21 25
24 17 0 23 25 18 20 17 19
16 16 23 0 19 18 23 20 15
16 16 25 19 0 21 19 24 23
25 25 18 18 21 0 25 22 16
23 20 20 23 19 25 0 17 15
23 21 17 20 24 22 17 0 24
15 25 19 15 23 16 15 24 0
