7
6
14 22 34 32 8 13 15
0 19 24 15 16 18 20 16 23
19 0 25 19 20 15 20 22 15
24 25 0 24 25 23 25 21 18
15 19 24 0 19 22 16 17 23
16 20 25 19 0 21 15 21 19
18 15 23 22 21 0 17 19 16
20 20 25 16 15 17 0 16 23
16 22 21 17 21 19 16 0 24
23 15 18 23 19 16 23 24 0
