7
26
97 99 23 33 106 118 33 39 103 107 13 53 26 2 53 47 16 17 41 108 16 9 5 40 82 60
30 86 113 108 35 76 63 80 6 27 83 5 110 49 41 9 20 30 104 108 86 19 92 17 115 87
15 77 1 104 5 77 114 17 28 29 81 24 90 39 98 91 43 108 104 108 10 63 77 101 30 6
86 59 56 70 34 77 76 96 92 95 89 46 42 118 31 4 58 75 16 69 66 90 55 116 114 17
103 72 68 64 31 47 78 49 92 108 57 114 58 7 34 68 117 102 48 35 62 65 79 85 43 33
57 85 4 7 116 18 27 10 59 47 120 109 32 10 25 83 51 69 50 94 20 61 23 39 98 110
57 51 62 107 61 27 31 90 109 20 72 88 34 72 51 108 59 92 20 88 88 63 14 44 38 48
0 24 15 19 15 17 25 22 23
24 0 17 23 18 18 17 22 22
15 17 0 15 20 15 19 15 16
19 23 15 0 19 18 23 18 22
15 18 20 19 0 17 22 16 16
17 18 15 18 17 0 25 25 25
25 17 19 23 22 25 0 19 16
22 22 15 18 16 25 19 0 16
23 22 16 22 16 25 16 16 0
