7
26
26 36 46 66 14 22 62 41 7 35 46 19 45 76 29 2 44 17 56 36 12 25 56 25 28 37
39 72 41 72 79 35 38 43 64 70 72 39 80 14 78 36 63 37 51 52 47 18 27 47 51 33
79 46 22 58 19 5 44 4 67 25 31 42 62 42 62 73 15 67 4 1 54 49 2 9 68 1
72 35 61 67 3 33 45 12 76 37 33 8 14 56 61 12 13 72 1 25 59 27 75 3 33 79
36 74 12 60 30 61 66 58 43 53 72 37 36 10 67 62 64 31 65 38 49 72 44 60 27 15
28 80 59 3 20 40 50 61 60 37 27 17 73 54 20 53 45 53 37 19 59 69 6 14 12 6
70 77 19 17 53 8 60 45 41 62 42 36 68 35 6 15 80 55 77 71 19 69 16 51 66 20
0 15 17 24 25 15 25 16 19
15 0 25 17 24 24 19 24 17
17 25 0 22 24 15 24 25 20
24 17 22 0 18 23 20 18 23
25 24 24 18 0 19 25 19 23
15 24 15 23 19 0 16 15 18
25 19 24 20 25 16 0 17 25
16 24 25 18 19 15 17 0 20
19 17 20 23 23 18 25 20 0
