7
10
36 39 14 13 30 26 18 13 7 37
40 7 36 11 5 16 9 31 20 14
17 29 27 12 12 6 31 35 18 4
2 26 15 1 35 30 32 36 17 30
23 24 36 15 36 26 33 7 34 37
39 14 30 12 39 22 35 24 34 8
26 31 22 32 31 36 27 40 26 34
0 15 17 23 23 17 25 15 21
15 0 15 25 24 20 19 19 20
17 15 0 18 24 17 20 17 20
23 25 18 0 18 21 23 16 19
23 24 24 18 0 24 22 15 23
17 20 17 21 24 0 21 23 23
25 19 20 23 22 21 0 21 19
15 19 17 16 15 23 21 0 21
21 20 20 19 23 23 19 21 0
