7
22
80 79 58 100 82 12 79 85 35 40 16 117 88 57 17 71 24 25 26 70 86 86
8 88 108 42 15 60 44 11 118 39 109 106 108 9 49 36 56 96 29 2 44 84
73 50 79 112 29 45 118 17 37 94 105 2 39 43 89 44 77 96 76 73 8 12
45 11 116 111 37 21 70 114 31 103 68 1 30 97 43 90 69 10 76 29 91 73
104 117 104 70 48 58 94 6 114 36 27 47 12 9 111 96 12 52 79 42 50 29
61 37 84 56 16 98 80 57 1 20 51 12 113 41 72 61 26 4 55 25 87 90
103 36 102 10 85 68 27 78 95 92 78 109 23 17 39 80 91 96 87 69 59 74
0 19 25 20 16 25 25 18 21
19 0 15 23 22 17 20 20 22
25 15 0 16 19 25 23 21 15
20 23 16 0 20 15 25 18 20
16 22 19 20 0 15 22 21 21
25 17 25 15 15 0 22 25 24
25 20 23 25 22 22 0 22 16
18 20 21 18 21 25 22 0 20
21 22 15 20 21 24 16 20 0
