7
20
51 150 30 44 83 120 26 72 73 28 92 45 88 114 2 52 35 32 127 14
79 137 155 47 139 78 23 158 120 55 103 40 46 18 5 6 147 65 79 113
122 12 26 43 4 19 139 143 106 128 157 128 68 72 47 70 73 58 140 133
88 86 1 127 110 24 59 93 128 63 129 105 159 141 61 15 70 45 48 90
79 61 6 137 15 118 123 33 121 97 78 123 153 73 116 17 45 13 37 100
104 157 131 155 154 54 54 23 111 22 18 80 61 23 55 10 116 106 92 33
160 6 88 27 147 31 103 3 36 81 127 159 69 140 51 136 62 96 5 56
0 17 21 19 16 21 16 24 25
17 0 24 21 20 25 20 23 18
21 24 0 23 20 25 20 23 21
19 21 23 0 20 20 23 19 25
16 20 20 20 0 19 20 22 25
21 25 25 20 19 0 16 20 17
16 20 20 23 20 16 0 22 23
24 23 23 19 22 20 22 0 16
25 18 21 25 25 17 23 16 0
