7
24
40 109 47 10 160 52 32 123 152 56 100 119 106 93 94 51 68 54 72 19 68 72 160 54
110 70 152 94 156 157 49 70 59 122 121 76 51 126 61 108 72 19 63 39 96 10 13 132
41 160 56 46 103 132 15 45 146 5 117 85 35 32 58 1 129 56 90 55 8 2 49 89
144 25 70 23 148 53 67 62 87 40 13 41 91 21 139 75 5 138 16 12 17 59 10 105
115 86 54 77 92 71 21 118 62 102 149 153 112 63 79 106 30 76 61 145 22 27 10 84
104 141 30 22 65 115 121 152 69 113 129 18 37 149 69 108 125 137 128 16 14 136 98 38
145 115 70 63 77 24 49 110 112 93 111 7 69 149 73 142 2 109 126 129 9 64 155 63
0 22 24 22 15 17 15 24 24
22 0 19 21 25 18 15 24 21
24 19 0 25 16 23 15 24 15
22 21 25 0 21 17 23 22 17
15 25 16 21 0 16 24 23 20
17 18 23 17 16 0 18 21 21
15 15 15 23 24 18 0 21 21
24 24 24 22 23 21 21 0 17
24 21 15 17 20 21 21 17 0
