7
8
20 138 93 40 3 49 37
0 20 16 19 20 24 25 15 17
20 0 21 22 15 21 24 22 18
16 21 0 15 25 22 22 24 18
19 22 15 0 22 23 15 25 25
20 15 25 22 0 19 24 15 19
24 21 22 23 19 0 20 18 20
25 24 22 15 24 20 0 17 21
15 22 24 25 15 18 17 0 22
17 18 18 25 19 20 21 22 0
