7
16
4 61 35 50 34 29 74
0 21 22 23 20 23 23 16 16
21 0 22 25 20 19 24 18 19
22 22 0 19 15 15 25 25 24
23 25 19 0 22 20 24 17 22
20 20 15 22 0 17 17 18 21
23 19 15 20 17 0 20 18 21
23 24 25 24 17 20 0 20 21
16 18 25 17 18 18 20 0 20
16 19 24 22 21 21 21 20 0
