7
6
73 79 38 46 74 22 14
0 22 22 25 21 17 22 19 19
22 0 15 20 21 15 17 24 24
22 15 0 23 18 16 15 17 19
25 20 23 0 19 21 25 22 18
21 21 18 19 0 18 17 16 22
17 15 16 21 18 0 20 25 15
22 17 15 25 17 20 0 15 25
19 24 17 22 16 25 15 0 23
19 24 19 18 22 15 25 23 0
