7
15
62 52 69 53 74 39 46
0 23 25 17 22 16 24 20 20
23 0 18 15 25 25 24 15 19
25 18 0 15 20 22 16 19 18
17 15 15 0 16 19 25 16 22
22 25 20 16 0 18 24 21 20
16 25 22 19 18 0 23 15 19
24 24 16 25 24 23 0 25 25
20 15 19 16 21 15 25 0 19
20 19 18 22 20 19 25 19 0
