7
8
52 66 72 4 57 3 36
0 15 22 24 17 25 20 18 22
15 0 24 18 18 25 21 25 22
22 24 0 20 19 18 17 17 22
24 18 20 0 18 24 16 23 20
17 18 19 18 0 23 16 21 24
25 25 18 24 23 0 15 15 19
20 21 17 16 16 15 0 20 23
18 25 17 23 21 15 20 0 19
22 22 22 20 24 19 23 19 0
