7
14
8 26 21 11 29 19 28 6 40 14 28 38 2 19
39 40 12 40 16 21 8 33 27 26 9 29 9 36
34 25 13 29 4 39 4 36 36 5 10 40 6 20
14 3 8 27 31 8 35 3 13 28 6 13 19 10
26 36 21 25 4 31 7 20 9 2 3 38 1 18
14 30 22 14 36 31 6 28 15 26 28 31 16 18
14 18 32 17 13 33 36 6 13 16 12 29 3 30
0 25 23 20 23 20 25 24 16
25 0 18 21 15 25 18 18 18
23 18 0 23 20 19 24 17 24
20 21 23 0 24 25 24 20 18
23 15 20 24 0 21 23 20 17
20 25 19 25 21 0 22 15 23
25 18 24 24 23 22 0 19 20
24 18 17 20 20 15 19 0 16
16 18 24 18 17 23 20 16 0
