7
6
159 30 72 55 59 104 58
0 24 15 19 22 15 23 15 15
24 0 20 15 24 16 18 25 22
15 20 0 25 20 22 21 25 24
19 15 25 0 21 18 18 19 23
22 24 20 21 0 24 21 20 16
15 16 22 18 24 0 20 23 22
23 18 21 18 21 20 0 15 22
15 25 25 19 20 23 15 0 18
15 22 24 23 16 22 22 18 0
