7
15
34 39 27 15 10 9 18
0 22 17 25 24 24 16 21 23
22 0 15 18 18 15 21 15 24
17 15 0 23 25 17 24 17 19
25 18 23 0 22 25 25 19 16
24 18 25 22 0 23 24 25 22
24 15 17 25 23 0 24 19 16
16 21 24 25 24 24 0 16 21
21 15 17 19 25 19 16 0 16
23 24 19 16 22 16 21 16 0
