7
4
36 39 14 13 30 26 18
0 18 16 24 24 16 23 17 16
18 0 25 25 18 17 22 19 18
16 25 0 19 22 21 17 17 16
24 25 19 0 22 23 19 15 15
24 18 22 22 0 21 18 15 23
16 17 21 23 21 0 22 22 23
23 22 17 19 18 22 0 19 22
17 19 17 15 15 22 19 0 20
16 18 16 15 23 23 22 20 0
