7
9
21 11 29 9 35 26 36
0 19 15 17 18 16 19 23 24
19 0 15 20 17 24 19 15 23
15 15 0 24 22 19 19 21 19
17 20 24 0 15 16 25 20 24
18 17 22 15 0 20 15 24 25
16 24 19 16 20 0 21 19 20
19 19 19 25 15 21 0 21 16
23 15 21 20 24 19 21 0 21
24 23 19 24 25 20 16 21 0
