7
18
57 111 45 124 67 157 155 149 3 115 94 124 9 124 37 52 76 1
130 41 131 46 96 148 126 69 83 22 36 144 27 152 160 65 111 43
29 39 116 97 108 89 18 131 98 38 154 145 119 74 119 119 3 100
128 81 79 75 55 8 147 135 29 71 126 52 94 44 157 40 86 44
18 109 96 47 156 87 148 138 115 56 34 49 154 128 88 2 34 112
3 8 93 145 51 24 75 138 14 91 118 4 151 127 59 20 38 66
124 29 27 15 155 81 44 116 55 43 146 138 101 29 101 76 105 129
0 18 21 23 16 18 19 21 22
18 0 24 22 25 18 15 19 23
21 24 0 22 18 15 24 18 17
23 22 22 0 18 18 23 20 22
16 25 18 18 0 17 21 21 18
18 18 15 18 17 0 25 23 15
19 15 24 23 21 25 0 20 23
21 19 18 20 21 23 20 0 22
22 23 17 22 18 15 23 22 0
