7
6
55 65 21 51 60 73
65 26 29 22 44 46
19 55 59 78 62 77
66 7 18 66 68 43
31 73 78 50 78 39
36 19 73 59 33 49
26 49 53 32 49 30
0 17 22 23 19 23 20 18 22
17 0 19 23 19 25 19 16 21
22 19 0 16 21 21 21 25 22
23 23 16 0 21 20 25 18 16
19 19 21 21 0 18 15 17 22
23 25 21 20 18 0 15 18 23
20 19 21 25 15 15 0 25 19
18 16 25 18 17 18 25 0 17
22 21 22 16 22 23 19 17 0
