7
26
122 49 29 106 100 59 18 140 158 17 104 156 4 137 120 4 76 48 84 47 154 70 118 143 126 43
26 48 147 31 9 23 4 150 150 50 23 125 84 126 21 28 155 42 69 18 69 59 150 99 115 56
6 55 118 131 49 56 33 157 19 136 129 97 100 88 111 75 28 104 33 150 100 106 23 52 15 15
84 130 32 66 68 62 12 90 78 4 143 18 19 29 141 141 14 82 130 17 70 112 32 29 30 102
145 61 98 143 121 39 18 135 108 13 155 39 16 81 21 68 120 38 87 107 128 126 92 60 149 48
101 136 115 154 30 159 133 55 119 31 33 59 42 36 48 147 137 67 3 94 118 74 53 133 10 51
130 22 97 119 94 71 154 48 138 31 41 40 102 143 31 109 9 97 110 26 64 17 37 70 87 13
0 21 15 19 15 24 15 17 21
21 0 17 18 22 22 20 15 18
15 17 0 24 19 16 15 21 25
19 18 24 0 19 24 19 15 15
15 22 19 19 0 21 22 19 21
24 22 16 24 21 0 23 17 25
15 20 15 19 22 23 0 23 23
17 15 21 15 19 17 23 0 15
21 18 25 15 21 25 23 15 0
