7
13
33 28 36 35 5 16 14
0 23 22 15 16 24 15 23 16
23 0 23 17 24 21 22 16 19
22 23 0 22 20 23 21 23 24
15 17 22 0 22 16 22 22 25
16 24 20 22 0 15 23 15 25
24 21 23 16 15 0 20 21 23
15 22 21 22 23 20 0 17 22
23 16 23 22 15 21 17 0 24
16 19 24 25 25 23 22 24 0
