7
16
105 101 79 8 56 98 64 58 47 99 78 73 31 52 35 13
68 76 43 26 29 113 62 91 120 27 19 105 45 11 74 47
4 89 64 92 56 57 119 107 117 91 46 46 15 40 86 45
37 11 29 111 96 107 36 8 46 103 45 99 41 6 55 104
11 4 87 112 78 78 29 19 63 113 68 66 89 78 95 86
4 28 26 120 93 33 92 97 54 89 48 106 42 3 30 51
1 57 5 58 109 48 102 22 79 99 62 12 20 44 91 29
0 21 16 16 15 20 20 20 21
21 0 18 24 20 25 25 17 20
16 18 0 22 25 16 16 16 21
16 24 22 0 20 23 21 20 18
15 20 25 20 0 25 24 22 17
20 25 16 23 25 0 18 22 23
20 25 16 21 24 18 0 18 25
20 17 16 20 22 22 18 0 19
21 20 21 18 17 23 25 19 0
