7
13
34 4 8 27 35 17 9
0 20 21 17 19 21 22 23 21
20 0 21 24 25 20 15 17 18
21 21 0 15 17 22 21 22 23
17 24 15 0 17 25 24 15 23
19 25 17 17 0 18 22 18 15
21 20 22 25 18 0 24 21 20
22 15 21 24 22 24 0 22 15
23 17 22 15 18 21 22 0 25
21 18 23 23 15 20 15 25 0
