7
22
134 72 74 64 144 62 45 37 137 64 121 32 102 28 13 62 13 81 24 64 65 62
58 22 64 117 78 83 98 61 104 60 134 39 27 103 155 125 92 48 114 103 52 43
31 90 90 11 85 68 19 80 131 33 100 93 21 150 122 63 35 137 6 75 13 28
27 158 81 37 80 125 108 9 35 74 47 29 14 46 98 105 24 154 139 65 34 144
116 50 101 155 140 128 147 131 4 138 160 48 70 137 145 19 113 111 1 109 58 19
90 69 154 108 92 19 75 137 8 5 96 33 97 11 42 53 37 54 33 17 115 118
69 108 94 63 37 100 104 93 1 105 78 140 70 73 118 72 20 91 11 96 22 29
0 15 15 25 18 24 20 21 16
15 0 25 19 19 21 22 18 24
15 25 0 22 20 25 16 22 25
25 19 22 0 20 25 15 23 25
18 19 20 20 0 20 20 16 18
24 21 25 25 20 0 17 23 16
20 22 16 15 20 17 0 19 15
21 18 22 23 16 23 19 0 22
16 24 25 25 18 16 15 22 0
