7
9
51 150 30 44 83 120 26
0 19 19 16 20 17 20 22 15
19 0 18 25 17 16 22 15 19
19 18 0 25 23 24 17 23 19
16 25 25 0 16 24 22 18 21
20 17 23 16 0 17 25 17 16
17 16 24 24 17 0 15 15 24
20 22 17 22 25 15 0 19 19
22 15 23 18 17 15 19 0 22
15 19 19 21 16 24 19 22 0
