7
12
56 44 25 29 26 20 62
0 22 24 22 19 16 21 21 23
22 0 22 20 15 22 23 18 24
24 22 0 24 25 20 16 17 25
22 20 24 0 24 19 17 23 18
19 15 25 24 0 15 20 17 17
16 22 20 19 15 0 21 23 17
21 23 16 17 20 21 0 21 25
21 18 17 23 17 23 21 0 17
23 24 25 18 17 17 25 17 0
