7
4
76 62 2 46 24 18 68
0 18 25 17 20 25 25 18 21
18 0 18 21 24 16 18 15 24
25 18 0 15 20 23 25 15 24
17 21 15 0 20 25 21 23 17
20 24 20 20 0 21 24 19 22
25 16 23 25 21 0 22 25 16
25 18 25 21 24 22 0 16 19
18 15 15 23 19 25 16 0 22
21 24 24 17 22 16 19 22 0
