7
8
12 34 59 38 29 64 19 72
1 25 6 37 16 27 36 5
47 76 67 39 65 26 66 24
10 76 11 2 23 27 45 22
36 54 32 17 80 37 44 79
41 32 58 58 15 17 19 4
26 1 49 47 5 30 32 7
0 24 17 15 19 20 25 21 25
24 0 23 17 19 17 25 20 25
17 23 0 21 20 19 22 17 18
15 17 21 0 19 15 16 16 22
19 19 20 19 0 15 17 25 19
20 17 19 15 15 0 24 23 15
25 25 22 16 17 24 0 20 19
21 20 17 16 25 23 20 0 20
25 25 18 22 19 15 19 20 0
