7
6
14 89 98 30 36 105 101
0 19 22 25 15 25 25 18 21
19 0 16 25 23 25 19 21 19
22 16 0 16 22 19 19 19 22
25 25 16 0 23 20 22 18 23
15 23 22 23 0 25 22 24 24
25 25 19 20 25 0 16 16 17
25 19 19 22 22 16 0 22 25
18 21 19 18 24 16 22 0 23
21 19 22 23 24 17 25 23 0
