7
5
42 156 28 106 123 24 13
0 19 20 18 19 24 21 18 25
19 0 24 16 20 17 21 17 24
20 24 0 15 20 22 17 15 20
18 16 15 0 18 19 23 17 20
19 20 20 18 0 24 21 24 19
24 17 22 19 24 0 20 15 25
21 21 17 23 21 20 0 22 24
18 17 15 17 24 15 22 0 21
25 24 20 20 19 25 24 21 0
