7
13
85 49 14 75 141 151 123
0 20 18 24 24 15 19 25 25
20 0 23 22 25 15 22 23 21
18 23 0 17 15 23 20 23 18
24 22 17 0 16 21 21 25 23
24 25 15 16 0 15 21 19 20
15 15 23 21 15 0 20 19 25
19 22 20 21 21 20 0 15 19
25 23 23 25 19 19 15 0 19
25 21 18 23 20 25 19 19 0
