8
4
30 64 42 58
33 34 50 26
80 46 57 77
32 61 46 26
25 64 5 42
53 53 19 17
54 39 42 1
27 56 3 54
0 23 24 20 22 23 21 19 25 16
23 0 21 25 16 23 25 23 21 23
24 21 0 23 21 25 20 19 18 25
20 25 23 0 19 16 19 18 18 21
22 16 21 19 0 23 25 19 19 21
23 23 25 16 23 0 17 15 16 16
21 25 20 19 25 17 0 23 15 24
19 23 19 18 19 15 23 0 17 17
25 21 18 18 19 16 15 17 0 18
16 23 25 21 21 16 24 17 18 0
