8
5
58 68 59 73 51 66 70 38
0 25 23 24 17 15 21 25 23 22
25 0 19 23 20 21 17 15 18 15
23 19 0 15 20 15 20 15 21 17
24 23 15 0 17 16 23 22 17 20
17 20 20 17 0 18 21 22 25 16
15 21 15 16 18 0 16 19 25 24
21 17 20 23 21 16 0 23 24 16
25 15 15 22 22 19 23 0 16 17
23 18 21 17 25 25 24 16 0 25
22 15 17 20 16 24 16 17 25 0
