8
16
74 61 25 51 46 4 22 50
0 17 25 17 22 20 22 15 21 23
17 0 17 20 19 17 21 19 17 23
25 17 0 16 17 23 22 24 24 19
17 20 16 0 23 21 17 23 25 20
22 19 17 23 0 24 19 24 19 21
20 17 23 21 24 0 16 22 25 20
22 21 22 17 19 16 0 22 20 22
15 19 24 23 24 22 22 0 19 17
21 17 24 25 19 25 20 19 0 17
23 23 19 20 21 20 22 17 17 0
