8
10
78 40 79 68 21 69 72 65 56 33
49 45 13 36 48 35 53 69 62 42
65 58 16 63 26 1 33 3 1 44
18 4 20 77 69 46 68 44 17 27
18 73 33 12 34 46 10 69 73 5
15 26 47 9 1 7 4 68 68 7
17 37 28 66 80 47 24 7 70 57
30 10 75 57 69 8 33 53 25 52
0 15 20 19 16 18 25 15 15 15
15 0 22 21 18 17 25 22 16 21
20 22 0 19 24 20 19 19 16 20
19 21 19 0 16 18 18 22 22 19
16 18 24 16 0 24 16 19 19 19
18 17 20 18 24 0 20 16 22 18
25 25 19 18 16 20 0 18 18 17
15 22 19 22 19 16 18 0 23 25
15 16 16 22 19 22 18 23 0 17
15 21 20 19 19 18 17 25 17 0
