8
18
15 143 158 4 75 12 22 126 91 16 49 4 80 59 58 134 112 160
77 3 81 55 78 46 28 130 7 145 70 51 52 4 151 84 51 99
6 160 32 145 4 145 7 151 110 77 58 54 92 110 4 120 60 155
7 96 27 154 88 102 139 84 58 64 5 89 91 50 89 66 3 17
97 116 125 73 110 32 60 74 117 21 5 27 78 160 10 65 137 145
1 70 103 115 92 7 21 91 144 5 15 88 62 123 48 6 121 112
20 120 150 140 130 130 61 115 156 133 77 13 78 77 20 67 127 140
138 22 67 33 73 93 49 128 98 113 76 91 46 85 84 88 11 61
0 18 15 23 22 19 25 25 15 17
18 0 15 16 19 25 16 21 25 15
15 15 0 15 23 18 25 18 21 19
23 16 15 0 22 16 19 17 23 22
22 19 23 22 0 25 16 22 16 24
19 25 18 16 25 0 20 23 18 20
25 16 25 19 16 20 0 18 16 24
25 21 18 17 22 23 18 0 20 22
15 25 21 23 16 18 16 20 0 17
17 15 19 22 24 20 24 22 17 0
