8
11
75 66 10 63 50 59 11 16
0 23 21 16 21 25 25 17 16 17
23 0 21 21 21 17 15 20 22 18
21 21 0 20 20 25 20 20 18 22
16 21 20 0 22 18 24 15 23 15
21 21 20 22 0 16 22 20 19 17
25 17 25 18 16 0 22 17 23 20
25 15 20 24 22 22 0 18 23 20
17 20 20 15 20 17 18 0 20 21
16 22 18 23 19 23 23 20 0 18
17 18 22 15 17 20 20 21 18 0
