8
6
13 35 35 3 30 18 18 4
0 16 22 17 15 17 22 23 16 25
16 0 22 19 20 16 16 25 17 24
22 22 0 19 20 19 20 15 25 18
17 19 19 0 24 19 24 15 18 21
15 20 20 24 0 16 15 16 17 21
17 16 19 19 16 0 19 22 23 20
22 16 20 24 15 19 0 16 21 19
23 25 15 15 16 22 16 0 16 23
16 17 25 18 17 23 21 16 0 20
25 24 18 21 21 20 19 23 20 0
