8
16
70 110 83 70 48 85 62 8 118 63 41 65 51 3 100 44
64 89 38 94 67 82 62 45 23 102 94 34 41 107 14 99
41 23 22 96 119 23 84 4 87 10 103 108 9 87 40 6
23 108 11 12 4 77 68 53 98 59 64 111 29 104 51 94
41 38 59 80 75 59 47 21 51 106 110 68 1 91 53 63
19 81 5 20 22 114 43 37 90 61 42 111 45 102 112 38
87 100 108 101 37 86 79 44 113 34 70 6 23 24 63 109
120 101 11 75 35 93 2 68 120 14 69 62 24 43 84 31
0 17 16 23 22 17 23 23 21 21
17 0 16 17 18 16 23 16 16 24
16 16 0 25 21 17 25 17 25 21
23 17 25 0 22 16 22 18 21 24
22 18 21 22 0 25 18 16 19 20
17 16 17 16 25 0 18 16 23 16
23 23 25 22 18 18 0 23 19 25
23 16 17 18 16 16 23 0 20 16
21 16 25 21 19 23 19 20 0 20
21 24 21 24 20 16 25 16 20 0
