8
14
138 123 14 44 156 160 42 125 152 110 87 158 113 119
111 146 36 91 64 59 26 139 3 18 21 135 79 18
130 78 148 54 129 83 14 96 132 145 49 106 38 34
65 111 34 69 68 130 5 58 64 56 83 90 79 156
118 101 45 78 140 114 11 122 140 140 132 45 123 99
65 4 99 83 53 25 37 129 74 126 69 113 77 16
106 36 16 83 54 65 125 57 93 77 61 140 155 3
32 120 139 77 36 128 88 18 160 111 32 122 75 21
0 19 18 15 20 16 22 19 20 24
19 0 19 24 25 25 18 24 17 24
18 19 0 22 18 24 18 18 15 19
15 24 22 0 22 23 15 21 23 20
20 25 18 22 0 21 21 18 25 23
16 25 24 23 21 0 23 15 23 21
22 18 18 15 21 23 0 24 18 24
19 24 18 21 18 15 24 0 16 23
20 17 15 23 25 23 18 16 0 18
24 24 19 20 23 21 24 23 18 0
