8
13
74 17 90 38 117 52 19 103
0 15 19 23 23 16 15 17 24 15
15 0 24 25 19 24 25 25 21 16
19 24 0 19 17 17 25 23 16 20
23 25 19 0 19 20 16 21 17 17
23 19 17 19 0 25 20 18 21 21
16 24 17 20 25 0 18 23 18 15
15 25 25 16 20 18 0 16 25 17
17 25 23 21 18 23 16 0 20 23
24 21 16 17 21 18 25 20 0 19
15 16 20 17 21 15 17 23 19 0
