8
9
26 10 8 29 6 29 4 38
0 22 24 16 25 24 21 19 23 24
22 0 23 19 23 25 22 25 21 25
24 23 0 22 16 19 19 22 16 19
16 19 22 0 20 23 18 19 16 20
25 23 16 20 0 20 22 24 24 17
24 25 19 23 20 0 15 15 19 20
21 22 19 18 22 15 0 15 23 21
19 25 22 19 24 15 15 0 25 18
23 21 16 16 24 19 23 25 0 15
24 25 19 20 17 20 21 18 15 0
