8
5
112 10 56 12 132 76 139 149
0 17 20 20 16 15 22 17 25 17
17 0 22 19 20 18 24 15 21 20
20 22 0 19 24 18 19 24 17 21
20 19 19 0 24 23 24 20 17 18
16 20 24 24 0 20 16 22 17 18
15 18 18 23 20 0 22 18 25 15
22 24 19 24 16 22 0 25 19 20
17 15 24 20 22 18 25 0 20 25
25 21 17 17 17 25 19 20 0 24
17 20 21 18 18 15 20 25 24 0
