8
9
74 30 47 44 64 44 35 63
0 15 16 25 17 17 24 21 24 22
15 0 19 15 20 17 17 23 24 22
16 19 0 17 18 22 18 21 15 22
25 15 17 0 22 21 18 16 19 20
17 20 18 22 0 23 24 19 23 16
17 17 22 21 23 0 16 23 23 16
24 17 18 18 24 16 0 22 23 21
21 23 21 16 19 23 22 0 20 16
24 24 15 19 23 23 23 20 0 16
22 22 22 20 16 16 21 16 16 0
