8
22
9 54 89 80 112 54 109 94 110 115 106 115 30 62 69 9 103 79 94 69 12 1
46 28 41 74 42 102 26 17 59 34 93 72 38 82 99 86 88 10 41 13 74 70
42 53 37 91 35 86 85 47 80 101 111 107 4 46 118 54 65 16 87 77 49 97
78 90 110 118 104 91 61 99 2 58 46 61 91 117 65 3 32 59 47 8 107 89
75 89 18 96 51 43 105 38 96 8 74 21 77 63 113 55 119 95 11 48 68 36
48 78 97 115 11 58 85 55 46 109 38 99 24 57 40 65 86 33 3 38 41 100
101 42 90 31 56 32 36 88 86 64 27 11 38 52 59 63 90 23 109 109 116 41
78 37 100 43 48 59 48 41 79 13 74 28 56 57 28 75 23 23 54 38 47 61
0 19 20 23 15 25 15 24 23 25
19 0 16 20 19 24 23 23 20 24
20 16 0 17 15 23 16 21 19 18
23 20 17 0 16 16 18 23 20 18
15 19 15 16 0 25 21 24 18 25
25 24 23 16 25 0 21 24 25 21
15 23 16 18 21 21 0 16 16 18
24 23 21 23 24 24 16 0 17 21
23 20 19 20 18 25 16 17 0 18
25 24 18 18 25 21 18 21 18 0
