8
14
8 15 23 33 5 3 36 30 5 4 33 8 5 26
23 33 24 27 36 34 22 23 28 7 1 22 5 18
24 38 12 30 18 18 30 13 12 32 4 19 32 19
39 8 34 17 40 9 35 14 10 11 28 40 31 18
28 21 23 20 2 29 37 13 28 25 16 31 12 7
33 39 28 13 39 32 39 33 40 12 13 11 17 9
26 12 31 39 25 36 32 20 8 5 30 37 4 7
17 14 21 27 11 16 23 37 24 22 6 6 9 34
0 24 24 20 18 18 19 24 15 16
24 0 15 15 18 15 15 16 16 23
24 15 0 25 24 24 18 21 21 18
20 15 25 0 15 20 23 23 24 17
18 18 24 15 0 17 20 20 21 24
18 15 24 20 17 0 16 21 22 24
19 15 18 23 20 16 0 20 22 24
24 16 21 23 20 21 20 0 17 17
15 16 21 24 21 22 22 17 0 18
16 23 18 17 24 24 24 17 18 0
