8
12
15 23 29 29 39 3 14 10 9 36 14 32
33 2 3 22 4 34 12 19 27 19 9 34
19 29 13 11 13 15 40 16 17 4 18 14
16 24 15 23 36 34 27 40 32 4 28 28
39 37 16 37 17 13 13 23 11 16 38 3
33 4 3 16 18 23 36 32 21 33 33 35
6 27 3 23 7 33 20 29 30 1 34 3
9 19 14 28 24 7 2 39 12 30 19 25
0 20 19 17 20 17 20 17 22 23
20 0 16 21 17 16 16 19 15 25
19 16 0 16 25 23 19 20 19 15
17 21 16 0 25 18 19 21 25 20
20 17 25 25 0 22 16 24 15 15
17 16 23 18 22 0 22 22 16 20
20 16 19 19 16 22 0 18 23 16
17 19 20 21 24 22 18 0 20 21
22 15 19 25 15 16 23 20 0 24
23 25 15 20 15 20 16 21 24 0
