8
6
19 59 84 24 38 34
101 24 104 106 89 20
102 59 74 20 48 89
28 114 92 49 72 78
118 82 73 62 24 97
4 78 36 16 112 77
34 52 93 31 43 31
74 89 88 58 19 12
0 21 23 20 22 25 24 15 22 16
21 0 24 20 18 25 17 24 19 25
23 24 0 25 19 16 25 22 24 21
20 20 25 0 18 18 17 24 15 21
22 18 19 18 0 25 16 23 19 15
25 25 16 18 25 0 17 20 19 22
24 17 25 17 16 17 0 20 24 19
15 24 22 24 23 20 20 0 21 20
22 19 24 15 19 19 24 21 0 23
16 25 21 21 15 22 19 20 23 0
