8
4
34 4 8 27
35 17 9 23
25 9 20 25
31 36 28 28
37 24 3 12
15 4 12 29
25 31 33 12
40 4 33 14
0 22 18 15 24 21 20 22 15 25
22 0 19 17 22 21 24 18 25 17
18 19 0 22 16 23 18 24 19 23
15 17 22 0 15 19 15 25 22 24
24 22 16 15 0 22 16 23 17 15
21 21 23 19 22 0 16 17 21 24
20 24 18 15 16 16 0 17 24 23
22 18 24 25 23 17 17 0 24 15
15 25 19 22 17 21 24 24 0 25
25 17 23 24 15 24 23 15 25 0
