8
14
99 45 147 118 29 129 119 55
0 18 24 21 24 23 21 19 23 24
18 0 15 24 18 20 22 22 19 18
24 15 0 22 16 24 24 23 15 15
21 24 22 0 22 20 18 24 22 23
24 18 16 22 0 23 18 17 21 19
23 20 24 20 23 0 22 21 24 25
21 22 24 18 18 22 0 25 16 15
19 22 23 24 17 21 25 0 25 15
23 19 15 22 21 24 16 25 0 24
24 18 15 23 19 25 15 15 24 0
