8
15
5 21 7 4 2 39 16 13
0 18 21 20 20 19 25 20 15 18
18 0 15 19 15 25 16 15 24 20
21 15 0 20 22 19 17 15 23 15
20 19 20 0 25 16 25 16 16 17
20 15 22 25 0 17 21 22 15 17
19 25 19 16 17 0 24 22 23 21
25 16 17 25 21 24 0 17 21 19
20 15 15 16 22 22 17 0 21 15
15 24 23 16 15 23 21 21 0 15
18 20 15 17 17 21 19 15 15 0
