8
9
24 10 34 33 19 20 27 8
0 23 19 25 17 18 21 20 15 25
23 0 17 18 23 24 21 20 24 15
19 17 0 18 23 18 25 19 23 22
25 18 18 0 19 20 16 24 24 17
17 23 23 19 0 17 19 22 18 18
18 24 18 20 17 0 18 25 22 25
21 21 25 16 19 18 0 20 15 25
20 20 19 24 22 25 20 0 16 20
15 24 23 24 18 22 15 16 0 23
25 15 22 17 18 25 25 20 23 0
