8
6
15 4 9 23 24 32
7 24 30 30 35 32
12 11 20 4 31 10
10 23 19 39 21 22
5 1 4 2 37 25
7 38 14 14 15 10
12 13 12 27 27 17
7 37 15 2 39 39
0 24 25 18 21 16 21 24 23 22
24 0 22 16 15 19 22 15 20 18
25 22 0 24 23 23 23 25 18 19
18 16 24 0 23 17 24 18 16 21
21 15 23 23 0 21 20 25 18 20
16 19 23 17 21 0 22 19 25 24
21 22 23 24 20 22 0 20 22 15
24 15 25 18 25 19 20 0 22 25
23 20 18 16 18 25 22 22 0 19
22 18 19 21 20 24 15 25 19 0
