8
12
13 134 43 51 113 135 128 41
0 20 17 25 21 23 23 16 15 25
20 0 20 20 16 17 24 24 21 24
17 20 0 24 20 15 22 20 15 25
25 20 24 0 18 19 22 21 24 21
21 16 20 18 0 16 18 22 23 18
23 17 15 19 16 0 20 24 18 19
23 24 22 22 18 20 0 18 19 18
16 24 20 21 22 24 18 0 24 17
15 21 15 24 23 18 19 24 0 25
25 24 25 21 18 19 18 17 25 0
