8
14
13 11 44 71 60 79 49 8
0 18 19 25 21 25 19 17 19 17
18 0 16 25 22 16 25 25 24 17
19 16 0 24 19 25 20 16 15 23
25 25 24 0 19 20 23 18 17 21
21 22 19 19 0 24 25 18 24 22
25 16 25 20 24 0 22 20 19 24
19 25 20 23 25 22 0 20 25 23
17 25 16 18 18 20 20 0 16 20
19 24 15 17 24 19 25 16 0 18
17 17 23 21 22 24 23 20 18 0
