8
18
59 53 43 8 61 28 78 2 28 15 12 20 38 3 15 32 71 55
63 68 52 2 53 26 16 8 69 48 22 70 52 4 74 8 34 41
23 24 29 43 26 1 8 16 60 15 16 26 18 56 20 37 23 35
28 64 12 63 65 49 46 49 66 42 52 73 41 65 42 8 26 30
60 1 36 52 41 32 22 75 49 35 55 17 72 52 53 1 20 51
76 15 46 18 73 14 36 54 1 72 27 49 12 68 4 55 18 26
20 57 11 66 19 72 11 17 61 22 47 3 33 2 18 24 72 32
46 9 22 33 38 35 16 74 80 77 47 28 34 55 1 32 29 13
0 23 22 21 15 22 18 22 23 23
23 0 20 22 23 16 23 24 15 22
22 20 0 25 19 17 23 19 22 23
21 22 25 0 22 19 17 25 17 23
15 23 19 22 0 17 22 25 22 24
22 16 17 19 17 0 15 20 24 20
18 23 23 17 22 15 0 18 15 15
22 24 19 25 25 20 18 0 17 24
23 15 22 17 22 24 15 17 0 20
23 22 23 23 24 20 15 24 20 0
