8
9
49 103 126 56 88 157 8 131
0 15 17 15 17 17 16 23 25 22
15 0 23 17 25 25 20 17 24 16
17 23 0 20 22 19 25 15 22 18
15 17 20 0 16 16 21 24 24 16
17 25 22 16 0 16 20 25 17 15
17 25 19 16 16 0 23 20 24 21
16 20 25 21 20 23 0 21 17 24
23 17 15 24 25 20 21 0 22 19
25 24 22 24 17 24 17 22 0 24
22 16 18 16 15 21 24 19 24 0
