8
8
6 73 104 31 108 48 73 99
0 17 17 24 25 20 16 18 24 22
17 0 18 16 23 25 17 24 25 23
17 18 0 21 17 18 16 21 23 21
24 16 21 0 24 21 16 24 25 16
25 23 17 24 0 19 21 21 15 24
20 25 18 21 19 0 24 22 22 20
16 17 16 16 21 24 0 16 22 19
18 24 21 24 21 22 16 0 22 24
24 25 23 25 15 22 22 22 0 22
22 23 21 16 24 20 19 24 22 0
