8
13
71 103 86 60 110 16 86 112
0 24 19 21 24 23 25 17 20 16
24 0 19 21 24 21 16 19 17 25
19 19 0 15 23 23 20 19 25 19
21 21 15 0 25 15 22 21 24 24
24 24 23 25 0 22 15 18 22 23
23 21 23 15 22 0 16 21 20 19
25 16 20 22 15 16 0 18 25 21
17 19 19 21 18 21 18 0 24 22
20 17 25 24 22 20 25 24 0 18
16 25 19 24 23 19 21 22 18 0
