8
5
16 48 26 80 9 23 64 76
0 17 22 17 17 20 25 19 17 22
17 0 18 17 19 17 23 19 15 24
22 18 0 16 19 24 20 22 19 20
17 17 16 0 23 17 22 24 16 16
17 19 19 23 0 16 19 19 16 20
20 17 24 17 16 0 15 15 23 23
25 23 20 22 19 15 0 20 20 17
19 19 22 24 19 15 20 0 19 15
17 15 19 16 16 23 20 19 0 18
22 24 20 16 20 23 17 15 18 0
