8
26
75 66 10 63 50 59 11 16 71 52 9 54 19 14 24 50 54 52 19 7 48 62 27 43 46 43
47 30 63 64 31 76 2 65 2 10 60 45 36 17 64 21 67 41 31 67 44 41 52 26 38 11
24 80 3 31 56 80 22 65 73 7 79 71 14 23 7 29 60 13 79 61 27 6 6 34 29 16
80 65 63 3 75 71 16 2 73 9 69 14 57 63 36 60 37 76 58 68 14 73 41 21 47 76
12 8 49 12 58 17 4 24 31 46 5 62 35 59 77 65 54 3 10 6 65 25 3 49 37 22
56 25 19 18 10 49 56 63 44 58 15 63 23 33 55 29 18 46 24 39 69 7 61 11 72 35
55 51 70 16 9 15 21 40 50 42 2 29 66 77 60 46 39 47 20 48 66 56 32 5 22 63
1 27 23 57 26 77 31 4 61 47 28 30 68 40 74 50 70 75 39 76 54 24 23 8 54 58
0 20 24 24 15 20 19 17 17 24
20 0 24 16 16 23 23 17 19 22
24 24 0 22 18 24 21 18 18 17
24 16 22 0 25 23 18 16 15 22
15 16 18 25 0 18 20 16 20 17
20 23 24 23 18 0 18 25 19 24
19 23 21 18 20 18 0 22 19 22
17 17 18 16 16 25 22 0 25 16
17 19 18 15 20 19 19 25 0 20
24 22 17 22 17 24 22 16 20 0
