8
11
96 96 37 41 43 30 19 61
0 20 19 23 25 24 17 22 18 16
20 0 24 18 22 15 16 21 19 16
19 24 0 20 25 18 25 15 23 17
23 18 20 0 19 25 24 25 21 19
25 22 25 19 0 18 17 24 24 18
24 15 18 25 18 0 19 22 23 23
17 16 25 24 17 19 0 20 18 24
22 21 15 25 24 22 20 0 24 23
18 19 23 21 24 23 18 24 0 24
16 16 17 19 18 23 24 23 24 0
