8
18
118 138 16 78 88 102 93 148 120 74 75 157 159 60 95 110 68 53
35 160 22 154 25 123 158 24 106 68 152 120 154 30 14 93 32 86
124 87 64 109 58 116 31 10 92 143 79 96 82 27 106 73 150 116
102 115 157 69 62 19 155 130 156 110 111 2 6 48 147 132 15 104
23 126 42 2 129 134 103 126 79 71 105 28 102 35 116 12 125 139
61 46 151 60 31 37 51 31 1 8 107 88 73 65 39 104 9 153
18 86 145 145 32 119 124 43 160 123 91 86 126 57 83 75 114 149
42 73 49 96 132 122 123 113 89 124 100 30 25 36 4 147 135 118
0 15 24 15 17 22 24 24 23 20
15 0 15 25 22 19 22 23 16 23
24 15 0 15 19 22 24 22 22 15
15 25 15 0 23 24 20 17 19 20
17 22 19 23 0 17 20 24 21 19
22 19 22 24 17 0 21 23 18 22
24 22 24 20 20 21 0 19 17 16
24 23 22 17 24 23 19 0 20 22
23 16 22 19 21 18 17 20 0 19
20 23 15 20 19 22 16 22 19 0
