8
8
86 78 110 106 32 69 11 53
56 53 22 19 56 112 94 113
27 14 107 94 66 83 65 46
35 74 89 19 51 62 78 99
94 48 67 10 2 68 67 71
96 37 96 91 19 19 65 117
23 101 107 115 94 4 25 56
14 90 98 3 110 81 119 90
0 15 16 23 15 24 24 24 15 19
15 0 18 18 16 18 25 19 24 19
16 18 0 18 23 18 20 17 20 25
23 18 18 0 16 25 22 22 21 15
15 16 23 16 0 20 17 16 24 18
24 18 18 25 20 0 25 22 19 15
24 25 20 22 17 25 0 16 15 21
24 19 17 22 16 22 16 0 24 23
15 24 20 21 24 19 15 24 0 16
19 19 25 15 18 15 21 23 16 0
