8
24
54 110 23 93 49 89 93 114 26 45 68 1 83 106 45 18 39 9 26 24 94 10 76 82
46 74 13 114 96 109 14 42 110 72 35 21 99 9 92 103 36 46 62 9 51 35 58 78
28 30 62 88 6 91 23 28 57 82 44 120 35 43 71 35 78 13 38 11 8 12 4 24
111 111 15 10 40 33 27 18 21 99 115 66 75 34 97 90 82 25 13 13 77 36 52 58
13 103 116 63 37 1 103 84 67 21 104 10 9 104 3 56 36 25 56 82 111 34 92 63
117 84 63 95 77 68 44 17 41 43 109 110 28 81 57 61 39 8 86 24 19 55 41 85
60 86 37 18 63 35 58 7 8 90 30 42 119 8 110 82 80 98 24 34 113 38 101 28
14 22 5 5 24 7 79 41 77 99 100 56 86 78 101 68 92 7 4 73 56 26 96 35
0 21 22 20 16 18 23 25 23 17
21 0 16 19 15 17 22 19 22 18
22 16 0 21 17 22 15 22 23 24
20 19 21 0 16 21 16 16 22 25
16 15 17 16 0 18 25 16 25 20
18 17 22 21 18 0 21 20 25 24
23 22 15 16 25 21 0 15 22 18
25 19 22 16 16 20 15 0 21 19
23 22 23 22 25 25 22 21 0 15
17 18 24 25 20 24 18 19 15 0
