8
7
59 146 141 10 47 135 25 157
0 23 17 18 15 16 19 20 21 18
23 0 20 21 23 17 20 21 21 24
17 20 0 22 25 19 22 15 18 15
18 21 22 0 16 24 15 21 22 25
15 23 25 16 0 20 24 21 25 19
16 17 19 24 20 0 21 20 23 22
19 20 22 15 24 21 0 16 25 25
20 21 15 21 21 20 16 0 15 25
21 21 18 22 25 23 25 15 0 25
18 24 15 25 19 22 25 25 25 0
