8
7
23 27 24 14 12 11 10 36
0 17 24 21 17 18 19 16 21 23
17 0 19 24 23 18 18 19 15 19
24 19 0 15 23 24 24 20 24 15
21 24 15 0 25 21 18 18 16 15
17 23 23 25 0 16 25 25 19 21
18 18 24 21 16 0 17 16 23 24
19 18 24 18 25 17 0 22 18 24
16 19 20 18 25 16 22 0 20 22
21 15 24 16 19 23 18 20 0 22
23 19 15 15 21 24 24 22 22 0
