8
20
70 98 119 108 23 13 43 75 80 46 99 51 115 113 114 54 19 84 120 3
67 13 44 74 78 12 10 107 76 12 75 39 43 66 91 13 71 8 111 35
53 14 21 93 95 19 3 32 50 86 34 38 25 60 74 52 23 98 31 63
32 92 38 102 44 107 119 49 30 75 86 1 110 118 48 48 18 34 88 12
38 59 56 4 93 17 17 30 103 85 67 89 67 52 103 88 92 57 12 38
96 88 63 76 100 115 43 91 95 99 9 92 30 77 96 20 88 62 50 51
8 24 19 96 101 19 89 47 66 100 116 63 4 18 99 101 21 110 5 20
57 35 114 64 3 31 41 9 107 114 75 71 111 102 59 58 67 115 107 88
0 20 15 18 15 24 23 16 21 18
20 0 25 15 25 24 22 19 20 19
15 25 0 25 15 15 20 18 24 16
18 15 25 0 25 25 20 24 17 22
15 25 15 25 0 18 18 16 15 25
24 24 15 25 18 0 15 25 16 19
23 22 20 20 18 15 0 22 16 19
16 19 18 24 16 25 22 0 15 17
21 20 24 17 15 16 16 15 0 16
18 19 16 22 25 19 19 17 16 0
