8
20
40 38 16 39 3 18 37 6 23 16 3 25 5 4 8 4 3 24 23 35
28 3 10 21 32 25 1 22 34 18 11 15 24 39 18 21 9 38 17 4
21 33 10 17 37 6 39 40 33 19 14 1 38 28 24 33 20 34 24 39
31 17 25 37 34 7 32 8 14 33 4 31 35 3 3 38 16 31 34 20
17 20 3 30 35 20 27 15 12 2 24 11 35 39 33 18 26 23 31 16
38 34 34 13 5 30 8 19 38 15 27 34 7 27 31 35 13 3 6 18
28 21 8 39 28 6 13 12 2 37 12 40 13 4 15 26 22 16 7 40
18 20 40 14 22 17 32 26 40 27 26 2 26 7 26 19 38 25 19 8
0 24 20 23 17 15 18 18 15 21
24 0 15 23 18 15 16 16 23 18
20 15 0 23 23 19 20 20 17 20
23 23 23 0 24 19 19 21 19 24
17 18 23 24 0 24 22 16 22 24
15 15 19 19 24 0 25 18 15 18
18 16 20 19 22 25 0 17 18 23
18 16 20 21 16 18 17 0 15 22
15 23 17 19 22 15 18 15 0 23
21 18 20 24 24 18 23 22 23 0
