8
20
9 12 74 89 81 82 83 28 142 29 154 43 128 130 9 96 17 68 85 129
105 75 59 79 143 72 104 85 32 160 5 49 12 89 133 30 49 28 89 137
84 19 118 155 81 106 11 57 29 110 4 154 66 159 125 159 56 26 118 34
22 156 104 6 144 43 14 29 24 116 15 137 69 153 20 105 51 95 128 12
157 152 156 82 143 64 76 101 156 111 147 75 51 58 127 92 159 76 24 37
64 93 160 65 61 15 24 151 63 70 2 54 72 11 110 99 62 18 11 156
83 96 103 102 99 129 124 37 126 129 157 31 98 145 105 117 89 126 13 62
140 104 88 43 120 43 10 96 23 73 85 84 132 160 76 78 30 14 152 156
0 22 20 18 16 23 24 17 17 20
22 0 25 23 15 24 15 19 21 25
20 25 0 20 23 20 22 20 18 19
18 23 20 0 18 22 19 25 22 23
16 15 23 18 0 22 15 18 23 18
23 24 20 22 22 0 23 19 15 20
24 15 22 19 15 23 0 21 16 19
17 19 20 25 18 19 21 0 23 21
17 21 18 22 23 15 16 23 0 21
20 25 19 23 18 20 19 21 21 0
