8
6
34 33 25 36 38 37
25 1 34 36 38 8
17 31 9 4 7 26
13 14 9 15 5 11
32 9 20 33 16 29
30 28 3 6 28 34
1 17 4 6 27 32
17 37 32 17 24 34
0 15 21 18 24 16 22 21 22 20
15 0 21 15 24 23 15 19 20 23
21 21 0 15 16 21 20 16 24 25
18 15 15 0 16 21 20 25 16 17
24 24 16 16 0 24 18 23 24 15
16 23 21 21 24 0 19 15 18 23
22 15 20 20 18 19 0 17 22 22
21 19 16 25 23 15 17 0 20 20
22 20 24 16 24 18 22 20 0 23
20 23 25 17 15 23 22 20 23 0
