8
5
138 123 14 44 156 160 42 125
0 24 21 20 24 22 22 21 24 17
24 0 20 18 18 16 23 15 25 16
21 20 0 16 23 25 19 16 23 19
20 18 16 0 24 18 23 20 15 20
24 18 23 24 0 23 24 18 25 25
22 16 25 18 23 0 21 17 17 19
22 23 19 23 24 21 0 21 17 19
21 15 16 20 18 17 21 0 19 23
24 25 23 15 25 17 17 19 0 25
17 16 19 20 25 19 19 23 25 0
