8
12
14 24 12 17 23 31 36 27
0 24 25 19 18 22 23 19 17 23
24 0 18 21 18 22 18 23 17 16
25 18 0 19 18 22 15 18 24 20
19 21 19 0 20 24 23 20 20 22
18 18 18 20 0 21 19 19 20 17
22 22 22 24 21 0 20 16 20 22
23 18 15 23 19 20 0 25 19 24
19 23 18 20 19 16 25 0 22 21
17 17 24 20 20 20 19 22 0 15
23 16 20 22 17 22 24 21 15 0
