8
20
1 119 70 5 48 79 50 3 6 2 81 29 57 66 27 61 105 36 39 41
49 100 29 53 100 105 52 108 5 92 108 7 5 74 43 74 49 33 36 76
4 105 104 116 63 59 37 44 90 120 47 7 14 59 103 24 108 111 66 30
35 118 60 105 16 41 85 101 73 29 38 83 47 119 44 98 75 41 70 99
48 44 8 61 19 55 97 50 49 81 40 69 90 69 50 24 27 60 96 55
36 100 114 105 55 7 111 90 88 71 97 14 87 108 82 74 4 33 110 28
39 55 39 21 58 98 65 29 94 4 30 113 32 101 104 21 105 104 95 106
119 78 118 113 10 101 15 23 5 1 114 82 48 75 92 1 1 70 97 116
0 19 19 22 20 23 18 24 18 16
19 0 19 16 25 25 19 19 20 17
19 19 0 18 16 21 16 20 20 16
22 16 18 0 19 15 23 20 15 15
20 25 16 19 0 15 25 25 18 25
23 25 21 15 15 0 23 22 25 17
18 19 16 23 25 23 0 23 20 17
24 19 20 20 25 22 23 0 16 16
18 20 20 15 18 25 20 16 0 25
16 17 16 15 25 17 17 16 25 0
