8
16
25 125 36 98 51 17 110 97
0 25 24 20 20 21 21 23 24 24
25 0 21 17 22 15 25 22 21 20
24 21 0 15 19 17 23 21 20 21
20 17 15 0 18 19 21 25 24 18
20 22 19 18 0 25 23 21 25 22
21 15 17 19 25 0 25 20 16 24
21 25 23 21 23 25 0 21 19 19
23 22 21 25 21 20 21 0 21 15
24 21 20 24 25 16 19 21 0 17
24 20 21 18 22 24 19 15 17 0
