8
20
74 140 143 78 105 33 114 113 115 61 74 107 96 96 28 57 119 135 6 141
2 30 38 56 118 98 141 151 18 94 34 153 117 22 89 51 159 53 148 143
4 121 40 154 78 67 37 20 81 85 138 73 81 39 84 119 18 112 13 50
107 33 126 27 96 111 128 31 112 59 146 144 67 52 6 31 23 60 23 4
90 105 48 143 119 148 96 90 109 109 10 45 88 124 105 25 147 105 130 20
25 129 64 53 82 156 153 98 153 61 4 43 9 81 135 10 101 146 140 149
157 82 75 154 71 108 90 3 138 119 128 51 105 122 98 41 94 110 80 98
123 127 28 33 24 137 8 119 87 98 68 148 95 134 45 93 65 135 113 104
0 15 24 21 22 20 22 21 21 24
15 0 15 22 20 15 19 20 20 19
24 15 0 16 20 25 21 18 23 19
21 22 16 0 21 19 19 24 15 18
22 20 20 21 0 24 15 15 24 19
20 15 25 19 24 0 16 23 18 23
22 19 21 19 15 16 0 15 20 22
21 20 18 24 15 23 15 0 25 25
21 20 23 15 24 18 20 25 0 18
24 19 19 18 19 23 22 25 18 0
