8
26
24 130 57 110 24 101 80 62 31 147 2 29 36 148 136 30 77 133 74 44 150 114 93 36 104 75
108 160 17 48 53 130 18 156 45 158 85 117 1 2 81 9 71 153 54 74 152 3 82 153 8 4
52 1 149 134 147 1 46 9 145 126 29 91 133 98 89 153 110 131 8 34 46 33 99 154 84 159
68 74 37 105 42 153 103 76 147 21 29 10 114 112 125 60 45 137 14 98 11 76 89 116 63 21
148 70 85 57 25 124 157 108 14 14 53 62 34 127 102 47 94 29 151 112 75 122 157 152 36 103
120 115 45 26 40 49 103 160 40 59 25 100 35 131 107 34 24 142 115 138 68 121 85 57 37 23
130 44 57 142 83 70 60 107 17 108 36 127 32 32 149 25 115 84 43 73 113 111 8 156 52 86
82 34 124 26 42 55 11 114 82 87 19 138 98 122 157 25 82 140 62 160 7 113 108 137 99 50
0 21 20 20 19 25 17 15 24 23
21 0 16 21 22 16 15 25 19 25
20 16 0 24 21 18 21 25 23 24
20 21 24 0 17 23 25 21 25 20
19 22 21 17 0 24 15 20 17 23
25 16 18 23 24 0 25 23 18 20
17 15 21 25 15 25 0 22 24 18
15 25 25 21 20 23 22 0 23 23
24 19 23 25 17 18 24 23 0 25
23 25 24 20 23 20 18 23 25 0
