8
8
66 1 31 33 5 55 55 87
80 80 23 60 66 63 33 104
90 54 76 61 14 1 111 28
97 73 93 19 32 67 114 19
48 72 43 68 100 70 32 24
118 32 8 98 36 60 82 63
46 66 55 12 5 43 113 103
70 112 76 23 120 75 30 59
0 16 18 23 23 18 16 16 22 21
16 0 16 22 18 15 24 22 25 18
18 16 0 25 24 25 15 19 16 21
23 22 25 0 24 17 20 15 25 17
23 18 24 24 0 16 22 15 23 19
18 15 25 17 16 0 15 20 23 15
16 24 15 20 22 15 0 17 23 20
16 22 19 15 15 20 17 0 25 15
22 25 16 25 23 23 23 25 0 17
21 18 21 17 19 15 20 15 17 0
