8
16
13 35 35 3 30 18 18 4 6 30 9 1 11 32 33 6
29 17 23 6 8 12 40 17 23 18 21 3 13 38 20 37
3 15 25 7 3 6 12 27 17 30 34 21 8 26 19 8
34 24 18 14 37 35 5 23 27 22 9 9 5 15 14 13
39 33 25 26 1 32 26 20 38 22 39 30 13 16 7 1
26 25 34 23 34 17 15 38 27 22 17 22 35 37 27 33
25 6 25 28 28 13 16 17 26 22 34 10 17 32 19 29
36 38 6 1 15 34 26 39 3 23 32 16 17 2 22 9
0 16 15 21 18 18 21 15 22 20
16 0 25 20 24 18 25 21 15 16
15 25 0 15 15 19 17 17 16 25
21 20 15 0 17 21 24 18 20 25
18 24 15 17 0 24 17 24 18 18
18 18 19 21 24 0 21 18 21 23
21 25 17 24 17 21 0 19 15 20
15 21 17 18 24 18 19 0 20 15
22 15 16 20 18 21 15 20 0 17
20 16 25 25 18 23 20 15 17 0
