8
14
13 57 88 89 115 57 93 106 151 126 54 98 123 100
23 133 153 93 131 85 87 72 120 73 38 15 70 20
31 92 12 91 154 8 52 59 66 157 133 97 120 5
76 85 93 16 96 75 69 119 136 78 37 6 106 55
84 19 75 5 143 8 103 129 119 132 99 143 22 41
2 145 148 9 105 108 21 61 140 12 137 150 51 90
23 6 81 142 141 97 77 131 95 36 95 159 132 55
97 147 14 53 112 139 143 63 6 57 136 97 87 55
0 17 23 17 24 21 23 20 22 16
17 0 24 19 23 19 17 23 19 17
23 24 0 21 20 20 25 21 21 16
17 19 21 0 15 23 20 18 25 21
24 23 20 15 0 20 23 19 25 19
21 19 20 23 20 0 21 16 23 22
23 17 25 20 23 21 0 15 17 20
20 23 21 18 19 16 15 0 19 20
22 19 21 25 25 23 17 19 0 24
16 17 16 21 19 22 20 20 24 0
