8
12
36 84 16 12 52 84 56 50
0 25 25 23 22 20 24 23 15 22
25 0 24 22 21 17 22 24 22 16
25 24 0 25 24 18 18 25 18 25
23 22 25 0 21 16 25 15 24 23
22 21 24 21 0 21 20 15 21 15
20 17 18 16 21 0 22 15 18 17
24 22 18 25 20 22 0 15 21 22
23 24 25 15 15 15 15 0 16 17
15 22 18 24 21 18 21 16 0 24
22 16 25 23 15 17 22 17 24 0
