8
4
16 68 108 113 1 101 77 72
0 25 18 17 20 22 24 19 24 15
25 0 18 18 17 17 20 21 21 20
18 18 0 16 15 25 22 24 18 24
17 18 16 0 23 19 22 22 22 25
20 17 15 23 0 20 22 20 22 19
22 17 25 19 20 0 21 18 24 24
24 20 22 22 22 21 0 16 25 17
19 21 24 22 20 18 16 0 19 16
24 21 18 22 22 24 25 19 0 18
15 20 24 25 19 24 17 16 18 0
