8
14
34 24 38 2 28 37 33 30
0 19 17 23 24 16 15 15 19 20
19 0 22 16 23 18 19 16 19 22
17 22 0 25 22 19 20 16 16 21
23 16 25 0 16 19 21 22 17 18
24 23 22 16 0 16 24 17 24 15
16 18 19 19 16 0 20 24 16 19
15 19 20 21 24 20 0 23 16 16
15 16 16 22 17 24 23 0 25 22
19 19 16 17 24 16 16 25 0 15
20 22 21 18 15 19 16 22 15 0
