8
7
59 53 43 8 61 28 78 2
0 18 16 16 17 19 15 16 18 23
18 0 21 22 23 21 15 21 18 16
16 21 0 15 23 20 17 23 21 15
16 22 15 0 24 15 19 20 17 17
17 23 23 24 0 18 20 25 18 15
19 21 20 15 18 0 25 15 16 22
15 15 17 19 20 25 0 16 25 16
16 21 23 20 25 15 16 0 18 25
18 18 21 17 18 16 25 18 0 17
23 16 15 17 15 22 16 25 17 0
