8
20
53 58 35 27 120 73 20 81 104 115 91 61 111 74 61 22 90 67 120 1
50 16 4 61 23 64 93 24 40 22 54 27 71 72 119 70 42 98 56 24
113 4 114 40 96 8 34 47 37 26 22 28 27 22 75 53 12 68 40 47
69 60 64 90 106 54 99 82 72 74 77 80 116 112 110 110 60 108 44 31
70 62 20 117 77 104 83 46 70 21 63 55 96 117 52 120 62 67 81 47
59 72 33 92 76 86 87 35 39 114 44 111 12 50 88 42 6 13 42 74
114 115 29 26 53 57 96 96 52 17 3 47 105 79 50 87 31 61 91 118
31 47 17 15 7 110 53 10 113 23 14 27 19 61 63 78 109 63 116 90
0 25 24 20 25 24 24 20 19 21
25 0 18 21 23 15 17 17 20 18
24 18 0 23 15 24 15 22 25 22
20 21 23 0 23 16 25 17 25 25
25 23 15 23 0 17 18 18 19 24
24 15 24 16 17 0 24 17 20 15
24 17 15 25 18 24 0 15 23 19
20 17 22 17 18 17 15 0 18 23
19 20 25 25 19 20 23 18 0 15
21 18 22 25 24 15 19 23 15 0
