8
26
24 6 24 15 22 40 3 33 3 3 21 33 18 36 18 16 11 29 2 3 10 28 38 20 9 24
1 30 24 34 1 12 19 5 8 15 17 16 12 24 34 28 39 19 22 16 12 35 9 10 21 39
13 34 23 4 32 6 20 37 21 20 9 38 36 11 38 27 18 15 8 20 29 2 29 34 32 4
23 23 36 17 4 12 7 30 31 14 16 27 4 17 29 16 27 34 8 36 2 38 27 32 25 21
30 24 9 13 8 11 40 20 35 34 37 22 16 8 6 5 34 7 30 24 4 31 35 15 10 6
3 35 2 10 10 13 1 28 32 6 40 12 25 27 14 8 29 21 3 27 24 21 15 4 3 26
3 2 39 15 13 27 25 30 6 2 27 8 39 30 37 1 37 20 39 22 38 4 13 25 40 6
6 16 37 29 30 1 24 16 24 12 23 27 29 6 8 13 1 36 13 37 6 40 17 27 34 10
0 16 19 21 16 21 22 17 17 21
16 0 15 20 16 16 24 25 15 21
19 15 0 23 24 23 23 23 15 15
21 20 23 0 18 20 22 16 15 17
16 16 24 18 0 15 19 16 21 18
21 16 23 20 15 0 24 19 20 24
22 24 23 22 19 24 0 15 19 18
17 25 23 16 16 19 15 0 17 15
17 15 15 15 21 20 19 17 0 23
21 21 15 17 18 24 18 15 23 0
