8
9
57 46 70 22 50 66 65 17
0 19 22 23 20 23 17 18 20 15
19 0 15 15 22 15 15 23 23 23
22 15 0 20 22 20 20 22 19 22
23 15 20 0 18 20 24 18 20 18
20 22 22 18 0 20 19 21 21 15
23 15 20 20 20 0 23 22 21 17
17 15 20 24 19 23 0 19 24 16
18 23 22 18 21 22 19 0 21 25
20 23 19 20 21 21 24 21 0 16
15 23 22 18 15 17 16 25 16 0
