8
13
100 57 15 1 12 117 104 75
0 15 25 16 16 20 18 15 15 15
15 0 20 25 24 22 24 22 17 16
25 20 0 17 16 15 23 22 18 16
16 25 17 0 25 23 22 16 24 25
16 24 16 25 0 16 23 24 15 19
20 22 15 23 16 0 23 16 25 19
18 24 23 22 23 23 0 22 20 19
15 22 22 16 24 16 22 0 18 25
15 17 18 24 15 25 20 18 0 18
15 16 16 25 19 19 19 25 18 0
