8
16
24 22 29 2 27 22 39 27
0 20 21 19 16 17 21 22 22 16
20 0 15 24 20 17 18 21 25 25
21 15 0 16 19 16 21 24 15 17
19 24 16 0 15 20 16 19 21 23
16 20 19 15 0 24 15 22 15 20
17 17 16 20 24 0 17 21 21 22
21 18 21 16 15 17 0 15 18 18
22 21 24 19 22 21 15 0 19 17
22 25 15 21 15 21 18 19 0 23
16 25 17 23 20 22 18 17 23 0
