8
4
152 40 24 103
60 137 112 51
88 156 121 41
19 52 49 159
87 68 26 94
63 37 58 129
95 100 28 59
134 10 68 99
0 21 20 19 25 15 17 23 22 15
21 0 18 23 16 17 19 20 20 16
20 18 0 17 24 16 25 21 21 20
19 23 17 0 18 20 16 19 19 21
25 16 24 18 0 18 24 19 16 15
15 17 16 20 18 0 17 25 19 16
17 19 25 16 24 17 0 19 20 18
23 20 21 19 19 25 19 0 20 23
22 20 21 19 16 19 20 20 0 16
15 16 20 21 15 16 18 23 16 0
