8
6
105 65 6 93 34 102
38 98 34 105 35 79
66 90 7 69 19 45
36 99 61 108 88 82
76 58 80 7 117 118
65 58 66 97 2 67
52 14 61 16 41 28
98 51 103 73 37 71
0 24 23 17 25 25 15 24 24 18
24 0 16 20 15 22 20 15 23 19
23 16 0 23 24 17 22 15 21 19
17 20 23 0 23 25 18 19 15 23
25 15 24 23 0 16 25 17 17 17
25 22 17 25 16 0 18 23 24 21
15 20 22 18 25 18 0 20 25 21
24 15 15 19 17 23 20 0 20 25
24 23 21 15 17 24 25 20 0 17
18 19 19 23 17 21 21 25 17 0
