8
4
85 49 14 75
141 151 123 85
63 156 154 2
67 133 120 13
123 144 97 40
1 129 87 138
50 30 101 109
140 8 99 70
0 20 20 19 25 15 19 19 23 25
20 0 21 24 23 25 21 25 20 24
20 21 0 15 17 16 19 24 21 19
19 24 15 0 20 19 17 16 21 15
25 23 17 20 0 19 21 18 17 24
15 25 16 19 19 0 20 23 19 20
19 21 19 17 21 20 0 25 21 17
19 25 24 16 18 23 25 0 18 24
23 20 21 21 17 19 21 18 0 24
25 24 19 15 24 20 17 24 24 0
