8
8
94 100 140 90 144 44 17 90
127 9 120 135 123 151 131 102
157 44 148 128 47 27 151 69
84 87 93 94 86 90 75 62
158 89 72 8 117 47 53 60
67 149 88 89 96 132 36 79
86 91 97 24 49 139 113 150
63 47 51 80 148 77 24 19
0 19 21 20 23 22 21 18 17 17
19 0 22 17 25 21 15 25 21 18
21 22 0 18 22 25 15 16 22 24
20 17 18 0 21 22 20 25 15 21
23 25 22 21 0 19 22 21 17 15
22 21 25 22 19 0 18 22 23 18
21 15 15 20 22 18 0 20 18 19
18 25 16 25 21 22 20 0 15 22
17 21 22 15 17 23 18 15 0 24
17 18 24 21 15 18 19 22 24 0
