8
26
79 121 79 33 129 21 40 125 154 120 4 41 33 139 138 156 47 35 47 44 133 8 84 115 53 108
145 5 136 33 124 98 19 130 83 113 85 121 56 137 98 71 19 31 133 105 120 7 132 31 27 118
149 36 134 146 125 8 88 15 69 14 16 57 108 138 123 76 67 98 46 44 14 142 111 149 39 37
74 132 131 158 91 141 82 20 91 46 159 158 137 92 11 26 103 39 54 59 40 30 159 121 125 125
134 17 124 141 25 102 26 85 53 111 160 153 59 122 150 109 127 14 136 58 66 44 24 105 130 94
145 99 107 155 80 39 11 127 101 56 1 90 12 36 2 12 117 131 139 46 93 73 106 145 160 34
150 20 155 98 110 122 66 47 23 34 149 2 121 38 66 157 99 76 98 106 53 9 6 93 155 125
5 151 35 156 21 156 146 108 125 11 23 112 35 38 66 130 155 17 112 45 17 69 51 90 128 18
0 25 19 16 23 21 22 15 16 16
25 0 21 22 21 15 15 24 16 21
19 21 0 25 19 22 15 20 19 15
16 22 25 0 16 18 17 23 20 20
23 21 19 16 0 15 19 23 25 17
21 15 22 18 15 0 15 20 24 22
22 15 15 17 19 15 0 21 22 25
15 24 20 23 23 20 21 0 22 15
16 16 19 20 25 24 22 22 0 17
16 21 15 20 17 22 25 15 17 0
