8
10
112 152 92 74 120 4 57 80
0 16 18 20 20 19 17 17 19 20
16 0 23 20 24 16 25 16 20 19
18 23 0 24 25 18 15 16 24 19
20 20 24 0 15 24 19 21 24 18
20 24 25 15 0 18 16 24 19 23
19 16 18 24 18 0 22 15 25 23
17 25 15 19 16 22 0 25 25 17
17 16 16 21 24 15 25 0 15 18
19 20 24 24 19 25 25 15 0 22
20 19 19 18 23 23 17 18 22 0
