8
8
28 7 26 23 5 30 11 35
28 9 15 16 24 32 13 24
15 30 12 3 32 10 30 27
13 2 35 30 14 35 12 7
17 11 19 6 1 21 2 17
19 34 36 8 13 19 25 21
15 15 23 40 32 8 19 25
30 24 32 39 18 31 22 1
0 15 17 22 25 16 18 19 15 20
15 0 17 18 17 25 23 20 20 20
17 17 0 19 22 25 18 21 16 18
22 18 19 0 18 19 19 21 20 15
25 17 22 18 0 23 24 17 16 22
16 25 25 19 23 0 21 24 22 21
18 23 18 19 24 21 0 21 23 15
19 20 21 21 17 24 21 0 19 15
15 20 16 20 16 22 23 19 0 15
20 20 18 15 22 21 15 15 15 0
