8
11
16 4 7 17 39 33 26 20
0 23 19 18 23 17 16 19 24 16
23 0 16 25 20 20 24 18 18 18
19 16 0 24 22 23 15 16 24 19
18 25 24 0 17 22 18 19 17 21
23 20 22 17 0 17 16 16 23 20
17 20 23 22 17 0 16 21 17 19
16 24 15 18 16 16 0 25 24 23
19 18 16 19 16 21 25 0 22 19
24 18 24 17 23 17 24 22 0 23
16 18 19 21 20 19 23 19 23 0
