8
12
20 31 27 14 4 28 20 19
0 20 15 23 17 22 22 22 17 23
20 0 22 17 16 19 19 16 17 17
15 22 0 25 18 24 18 15 24 16
23 17 25 0 16 21 17 17 21 23
17 16 18 16 0 17 22 20 21 17
22 19 24 21 17 0 19 16 20 15
22 19 18 17 22 19 0 15 19 20
22 16 15 17 20 16 15 0 20 17
17 17 24 21 21 20 19 20 0 21
23 17 16 23 17 15 20 17 21 0
