8
12
113 133 102 30 82 9 142 101
0 21 24 23 20 22 25 22 17 25
21 0 19 25 18 21 15 15 18 23
24 19 0 19 17 21 22 20 15 18
23 25 19 0 15 20 17 23 17 21
20 18 17 15 0 20 19 23 23 17
22 21 21 20 20 0 19 16 16 25
25 15 22 17 19 19 0 24 17 18
22 15 20 23 23 16 24 0 18 24
17 18 15 17 23 16 17 18 0 21
25 23 18 21 17 25 18 24 21 0
