8
14
112 10 56 12 132 76 139 149 43 81 82 29 14 128
35 46 122 68 95 55 149 9 106 88 65 157 60 65
149 39 112 149 132 159 81 39 55 86 25 114 46 54
118 56 9 79 94 93 148 87 25 11 59 26 114 115
96 82 145 76 15 122 89 117 52 8 37 150 57 3
28 103 101 15 148 17 112 130 3 59 10 5 25 120
106 145 128 113 103 63 56 8 42 88 142 76 30 132
41 10 51 141 56 22 54 1 75 19 115 133 35 41
0 23 24 18 24 16 17 18 21 16
23 0 21 15 17 18 23 17 18 20
24 21 0 21 17 20 18 16 21 23
18 15 21 0 16 16 25 16 22 22
24 17 17 16 0 23 24 25 17 24
16 18 20 16 23 0 18 16 15 24
17 23 18 25 24 18 0 16 18 22
18 17 16 16 25 16 16 0 16 16
21 18 21 22 17 15 18 16 0 19
16 20 23 22 24 24 22 16 19 0
