8
4
16 10 23 4 22 20 32 26
0 19 17 22 22 17 20 25 17 23
19 0 22 19 15 16 20 19 21 24
17 22 0 22 23 18 18 18 22 16
22 19 22 0 17 15 20 24 23 21
22 15 23 17 0 23 16 17 20 24
17 16 18 15 23 0 21 15 15 23
20 20 18 20 16 21 0 20 23 24
25 19 18 24 17 15 20 0 18 16
17 21 22 23 20 15 23 18 0 18
23 24 16 21 24 23 24 16 18 0
