8
5
105 112 64 50 3 77 83 52
0 19 18 16 22 17 16 21 25 24
19 0 24 22 24 22 17 20 19 22
18 24 0 18 22 21 20 25 22 22
16 22 18 0 24 22 25 18 18 20
22 24 22 24 0 16 25 24 16 21
17 22 21 22 16 0 18 22 21 25
16 17 20 25 25 18 0 23 24 17
21 20 25 18 24 22 23 0 18 20
25 19 22 18 16 21 24 18 0 18
24 22 22 20 21 25 17 20 18 0
