8
26
33 11 17 3 3 18 30 34 6 17 29 1 17 15 26 27 29 5 31 11 28 38 39 38 18 14
9 8 11 10 36 38 22 16 20 14 26 35 39 1 32 12 40 36 28 11 30 33 5 33 4 6
37 30 2 24 18 8 18 1 34 14 23 15 34 21 32 3 27 10 30 16 15 37 3 23 25 32
6 6 39 33 15 39 40 16 35 19 25 30 21 9 40 10 33 38 20 32 14 11 3 27 32 35
6 21 18 15 30 1 13 34 35 30 21 33 6 20 14 24 20 28 28 10 5 26 30 23 38 3
16 18 6 35 23 30 31 21 20 24 9 37 34 15 3 33 24 29 7 27 19 26 9 36 21 38
30 39 5 35 13 21 3 28 17 15 33 35 9 33 14 38 34 26 24 24 22 40 6 37 5 1
25 33 31 13 31 25 8 2 11 25 9 17 3 28 8 4 8 10 23 2 1 31 24 11 18 35
0 16 19 23 16 18 22 15 18 24
16 0 18 18 19 17 20 15 22 16
19 18 0 18 18 19 19 20 19 15
23 18 18 0 17 18 19 22 18 18
16 19 18 17 0 24 21 22 24 17
18 17 19 18 24 0 18 17 24 20
22 20 19 19 21 18 0 16 24 18
15 15 20 22 22 17 16 0 17 24
18 22 19 18 24 24 24 17 0 18
24 16 15 18 17 20 18 24 18 0
