8
14
100 93 34 98 31 102 111 36
0 16 22 19 19 19 16 21 22 17
16 0 20 16 20 16 17 23 20 16
22 20 0 17 16 25 21 19 19 18
19 16 17 0 17 15 22 25 20 20
19 20 16 17 0 23 24 24 18 23
19 16 25 15 23 0 22 25 22 15
16 17 21 22 24 22 0 18 15 19
21 23 19 25 24 25 18 0 22 18
22 20 19 20 18 22 15 22 0 21
17 16 18 20 23 15 19 18 21 0
