8
6
17 98 71 100 120 49
84 48 7 66 18 14
95 38 89 37 112 13
16 2 100 50 37 102
97 16 34 1 35 34
117 58 29 50 15 54
98 3 109 102 29 62
63 29 74 70 83 33
0 17 15 18 15 19 19 20 19 18
17 0 18 19 17 15 17 15 22 22
15 18 0 22 21 15 19 23 17 15
18 19 22 0 24 17 18 25 16 18
15 17 21 24 0 17 22 24 15 19
19 15 15 17 17 0 19 16 20 18
19 17 19 18 22 19 0 25 21 22
20 15 23 25 24 16 25 0 24 19
19 22 17 16 15 20 21 24 0 21
18 22 15 18 19 18 22 19 21 0
