8
15
48 32 32 54 1 55 6 41
0 25 20 25 15 15 21 20 15 25
25 0 16 15 18 24 15 18 18 17
20 16 0 23 15 21 21 19 19 23
25 15 23 0 23 20 17 17 18 19
15 18 15 23 0 18 24 18 24 21
15 24 21 20 18 0 16 23 21 16
21 15 21 17 24 16 0 17 17 20
20 18 19 17 18 23 17 0 22 23
15 18 19 18 24 21 17 22 0 17
25 17 23 19 21 16 20 23 17 0
