8
12
35 36 21 27 8 10 39 26 51 11 59 52
28 12 53 2 53 17 18 58 28 37 2 13
7 60 14 49 24 64 31 34 4 47 78 37
13 36 16 6 45 32 65 9 59 53 57 71
3 48 28 57 38 2 57 18 47 14 50 63
77 9 51 19 68 71 12 8 53 19 26 10
78 10 49 37 60 20 77 70 44 23 56 54
45 14 33 47 65 43 71 5 71 15 56 48
0 24 24 22 21 17 17 23 15 25
24 0 16 19 18 17 20 20 17 23
24 16 0 25 24 16 18 22 22 23
22 19 25 0 23 19 25 21 25 18
21 18 24 23 0 17 15 21 17 15
17 17 16 19 17 0 18 17 16 15
17 20 18 25 15 18 0 20 17 21
23 20 22 21 21 17 20 0 20 15
15 17 22 25 17 16 17 20 0 15
25 23 23 18 15 15 21 15 15 0
