8
7
3 12 36 68 16 1 20 29
0 25 25 23 21 25 21 21 17 17
25 0 16 19 15 18 21 25 25 17
25 16 0 15 22 22 18 19 21 19
23 19 15 0 22 16 15 18 16 15
21 15 22 22 0 19 22 24 20 20
25 18 22 16 19 0 15 23 16 16
21 21 18 15 22 15 0 15 25 16
21 25 19 18 24 23 15 0 25 24
17 25 21 16 20 16 25 25 0 15
17 17 19 15 20 16 16 24 15 0
