8
16
32 36 18 5 9 25 13 25 21 24 21 7 9 16 21 20
35 35 24 18 28 36 2 3 19 37 34 15 39 40 36 35
35 5 13 33 7 33 22 10 2 22 32 25 20 39 32 26
28 18 19 1 9 29 32 8 14 19 35 13 33 32 7 6
32 29 40 38 21 15 33 19 20 34 32 33 4 15 37 25
14 15 22 2 7 28 28 32 13 1 11 9 4 16 2 34
7 1 35 26 12 16 31 16 17 4 2 27 24 37 18 34
32 29 6 9 4 40 36 36 20 36 35 18 23 5 39 5
0 20 24 23 22 21 19 24 16 20
20 0 25 18 24 24 21 24 19 25
24 25 0 22 24 21 19 20 22 16
23 18 22 0 19 25 24 21 25 15
22 24 24 19 0 17 24 16 22 18
21 24 21 25 17 0 24 18 18 24
19 21 19 24 24 24 0 18 25 23
24 24 20 21 16 18 18 0 20 16
16 19 22 25 22 18 25 20 0 17
20 25 16 15 18 24 23 16 17 0
