8
5
35 22 21 9 25 23 36 7
0 15 21 17 20 20 21 22 19 23
15 0 19 20 22 24 20 25 16 16
21 19 0 22 25 22 22 15 19 23
17 20 22 0 18 17 16 25 21 20
20 22 25 18 0 15 22 15 20 25
20 24 22 17 15 0 20 23 21 17
21 20 22 16 22 20 0 19 24 15
22 25 15 25 15 23 19 0 23 25
19 16 19 21 20 21 24 23 0 19
23 16 23 20 25 17 15 25 19 0
