8
12
20 40 21 7 5 13 17 3
0 22 22 17 18 24 24 18 22 15
22 0 19 23 22 23 18 15 22 25
22 19 0 18 15 21 25 17 17 18
17 23 18 0 24 20 18 18 21 15
18 22 15 24 0 22 16 24 15 25
24 23 21 20 22 0 17 21 22 18
24 18 25 18 16 17 0 20 15 18
18 15 17 18 24 21 20 0 21 15
22 22 17 21 15 22 15 21 0 21
15 25 18 15 25 18 18 15 21 0
