8
4
7 87 15 35 61 97 82 17
0 19 22 15 16 22 18 17 22 21
19 0 21 24 18 22 23 21 23 17
22 21 0 19 23 16 22 17 23 22
15 24 19 0 18 15 19 19 18 17
16 18 23 18 0 23 22 23 23 15
22 22 16 15 23 0 19 22 19 17
18 23 22 19 22 19 0 15 24 21
17 21 17 19 23 22 15 0 24 21
22 23 23 18 23 19 24 24 0 17
21 17 22 17 15 17 21 21 17 0
