8
15
11 16 20 8 12 34 34 31
0 24 16 15 15 23 25 16 22 23
24 0 18 23 24 17 23 18 19 15
16 18 0 17 25 21 21 25 17 19
15 23 17 0 18 22 23 22 18 23
15 24 25 18 0 20 15 19 25 21
23 17 21 22 20 0 16 20 18 15
25 23 21 23 15 16 0 19 15 24
16 18 25 22 19 20 19 0 25 16
22 19 17 18 25 18 15 25 0 23
23 15 19 23 21 15 24 16 23 0
