8
4
11 34 49 34 60 52 61 24
0 20 23 18 17 16 16 16 23 16
20 0 25 24 20 22 24 25 19 16
23 25 0 20 16 17 22 23 25 19
18 24 20 0 19 21 19 21 20 18
17 20 16 19 0 16 24 19 22 17
16 22 17 21 16 0 24 20 15 23
16 24 22 19 24 24 0 23 15 25
16 25 23 21 19 20 23 0 21 15
23 19 25 20 22 15 15 21 0 17
16 16 19 18 17 23 25 15 17 0
