8
20
140 118 38 49 150 137 50 71 123 83 132 3 120 47 124 141 142 97 135 48
131 2 146 82 160 66 108 145 77 87 65 119 32 14 12 157 59 7 26 34
22 9 85 49 23 76 59 5 58 2 136 13 16 135 3 79 86 90 109 126
19 92 52 95 79 109 70 121 141 157 158 78 156 58 74 35 51 86 159 110
72 69 112 88 34 79 135 105 124 20 115 150 126 81 73 33 34 101 3 48
50 101 47 50 69 94 101 152 81 74 65 156 21 139 89 57 123 62 124 38
79 154 27 160 42 61 69 103 37 80 121 52 40 151 89 61 141 142 154 138
99 51 23 35 78 48 75 66 116 77 41 5 105 26 80 115 131 113 77 135
0 19 23 18 17 15 22 17 19 19
19 0 20 21 17 23 20 16 16 23
23 20 0 25 17 22 15 25 25 19
18 21 25 0 25 17 25 18 17 15
17 17 17 25 0 23 21 20 18 18
15 23 22 17 23 0 25 20 16 16
22 20 15 25 21 25 0 20 19 18
17 16 25 18 20 20 20 0 19 25
19 16 25 17 18 16 19 19 0 25
19 23 19 15 18 16 18 25 25 0
