8
12
144 142 42 106 92 57 59 150 109 67 3 90
122 27 107 120 139 154 84 13 61 14 28 1
66 156 18 29 11 57 85 138 153 110 36 158
8 122 125 119 127 147 136 96 32 143 154 56
132 17 76 67 37 15 1 140 142 129 142 52
24 157 5 144 36 42 38 153 48 80 90 144
160 4 37 120 81 9 62 143 5 73 44 106
2 151 117 41 5 129 87 83 49 1 91 30
0 23 15 15 24 23 15 23 20 18
23 0 16 19 22 23 17 16 17 25
15 16 0 15 23 24 19 19 21 20
15 19 15 0 20 22 20 16 18 23
24 22 23 20 0 22 18 25 20 23
23 23 24 22 22 0 25 24 17 20
15 17 19 20 18 25 0 16 19 16
23 16 19 16 25 24 16 0 22 18
20 17 21 18 20 17 19 22 0 25
18 25 20 23 23 20 16 18 25 0
