8
9
18 78 92 26 35 56 106 66
0 17 15 19 19 25 21 25 21 25
17 0 21 21 20 19 15 15 19 24
15 21 0 24 19 15 24 22 22 16
19 21 24 0 23 20 22 19 25 22
19 20 19 23 0 20 18 16 18 24
25 19 15 20 20 0 19 21 15 17
21 15 24 22 18 19 0 24 21 15
25 15 22 19 16 21 24 0 21 17
21 19 22 25 18 15 21 21 0 21
25 24 16 22 24 17 15 17 21 0
