8
14
6 35 21 25 8 38 28 2
0 25 24 22 17 17 23 20 25 15
25 0 24 17 22 22 17 21 20 15
24 24 0 23 20 20 18 17 21 20
22 17 23 0 25 19 23 21 23 20
17 22 20 25 0 15 20 22 18 20
17 22 20 19 15 0 17 25 21 19
23 17 18 23 20 17 0 16 21 19
20 21 17 21 22 25 16 0 21 21
25 20 21 23 18 21 21 21 0 23
15 15 20 20 20 19 19 21 23 0
