8
8
18 20 36 33 1 33 3 30
0 19 15 16 17 22 15 15 18 24
19 0 20 25 22 22 24 20 21 18
15 20 0 22 15 21 16 19 24 21
16 25 22 0 22 20 19 25 24 25
17 22 15 22 0 22 22 19 17 25
22 22 21 20 22 0 16 16 19 15
15 24 16 19 22 16 0 19 17 18
15 20 19 25 19 16 19 0 24 24
18 21 24 24 17 19 17 24 0 22
24 18 21 25 25 15 18 24 22 0
