8
24
3 66 14 45 25 70 45 46 71 7 13 37 37 30 61 36 61 17 71 7 40 67 41 11
17 28 19 69 23 5 63 51 80 17 12 79 78 6 41 23 73 50 18 20 13 73 64 72
2 63 76 64 8 76 42 49 49 32 59 58 69 68 47 46 42 22 39 39 44 13 14 26
77 28 36 49 77 44 4 3 25 70 77 57 51 16 38 75 23 77 12 53 35 5 77 14
68 36 76 34 10 32 5 67 33 26 4 6 17 24 1 62 15 53 55 50 45 80 7 24
45 8 80 24 21 62 74 34 50 3 69 25 55 71 43 15 38 71 36 38 71 18 71 4
77 1 25 70 34 6 46 41 56 65 50 62 50 65 29 8 37 76 77 45 19 33 11 55
61 31 60 60 73 59 51 29 49 79 10 3 76 39 51 44 56 32 6 32 8 32 25 8
0 25 23 21 16 17 20 16 24 16
25 0 23 24 19 25 17 17 23 25
23 23 0 22 18 19 20 24 21 15
21 24 22 0 21 15 21 17 25 22
16 19 18 21 0 18 17 20 18 19
17 25 19 15 18 0 15 20 16 20
20 17 20 21 17 15 0 20 19 25
16 17 24 17 20 20 20 0 17 24
24 23 21 25 18 16 19 17 0 15
16 25 15 22 19 20 25 24 15 0
