8
5
16 13 2 3 9 10 6 39
0 17 19 16 20 23 15 20 17 23
17 0 21 18 16 24 18 15 22 17
19 21 0 25 21 19 20 20 23 25
16 18 25 0 24 19 16 17 16 24
20 16 21 24 0 16 23 20 15 24
23 24 19 19 16 0 25 20 24 23
15 18 20 16 23 25 0 22 22 17
20 15 20 17 20 20 22 0 25 24
17 22 23 16 15 24 22 25 0 20
23 17 25 24 24 23 17 24 20 0
