8
18
32 71 37 59 73 21 48 11 38 73 79 18 13 24 17 17 13 26
72 52 34 42 55 33 48 30 71 39 32 27 74 24 57 78 35 79
9 15 11 72 60 52 34 76 41 10 12 12 64 47 43 5 79 12
57 77 76 36 34 65 61 53 8 46 73 28 39 46 24 9 68 78
77 27 20 38 54 32 5 27 22 65 2 5 78 44 8 14 51 68
22 7 45 67 60 69 11 71 17 47 3 16 80 31 15 47 25 71
7 35 76 52 56 68 63 40 13 79 12 20 45 45 49 32 53 21
76 22 68 53 65 56 12 20 27 11 29 25 7 72 2 26 22 27
0 18 19 20 23 25 22 24 20 24
18 0 25 21 15 25 17 24 17 21
19 25 0 20 22 19 24 20 24 18
20 21 20 0 21 19 15 25 24 23
23 15 22 21 0 16 17 21 16 24
25 25 19 19 16 0 20 20 20 17
22 17 24 15 17 20 0 15 15 17
24 24 20 25 21 20 15 0 16 16
20 17 24 24 16 20 15 16 0 17
24 21 18 23 24 17 17 16 17 0
