8
13
59 27 38 37 55 66 59 62
0 25 24 23 19 23 25 17 20 23
25 0 19 25 25 15 19 25 21 16
24 19 0 17 18 20 22 15 23 25
23 25 17 0 24 25 25 15 25 25
19 25 18 24 0 17 22 25 21 23
23 15 20 25 17 0 25 19 20 19
25 19 22 25 22 25 0 24 15 22
17 25 15 15 25 19 24 0 18 16
20 21 23 25 21 20 15 18 0 23
23 16 25 25 23 19 22 16 23 0
