8
8
62 52 69 53 74 39 46 71
23 63 16 74 42 48 27 5
75 6 39 8 44 63 13 34
30 12 38 16 61 27 77 51
46 70 7 35 40 36 54 77
61 59 57 43 66 37 77 13
3 48 79 51 37 71 47 73
25 79 60 69 20 5 68 2
0 22 15 15 18 17 22 16 18 22
22 0 22 18 20 17 18 17 19 25
15 22 0 21 25 22 20 22 23 15
15 18 21 0 21 21 23 18 16 22
18 20 25 21 0 20 20 18 23 18
17 17 22 21 20 0 21 24 18 25
22 18 20 23 20 21 0 24 24 21
16 17 22 18 18 24 24 0 18 25
18 19 23 16 23 18 24 18 0 20
22 25 15 22 18 25 21 25 20 0
