8
6
104 64 64 44 125 113 29 10
0 23 24 25 16 19 20 21 21 18
23 0 19 22 17 23 20 24 24 18
24 19 0 19 17 20 18 22 22 25
25 22 19 0 25 25 17 20 24 16
16 17 17 25 0 23 25 25 19 15
19 23 20 25 23 0 17 15 20 23
20 20 18 17 25 17 0 17 15 21
21 24 22 20 25 15 17 0 17 20
21 24 22 24 19 20 15 17 0 17
18 18 25 16 15 23 21 20 17 0
