8
4
78 148 33 52 27 142 128 39
0 18 15 16 16 16 22 16 16 23
18 0 23 16 22 18 17 23 16 22
15 23 0 19 21 15 23 23 20 22
16 16 19 0 20 19 24 23 18 17
16 22 21 20 0 18 15 19 19 17
16 18 15 19 18 0 24 21 23 19
22 17 23 24 15 24 0 24 17 17
16 23 23 23 19 21 24 0 19 16
16 16 20 18 19 23 17 19 0 22
23 22 22 17 17 19 17 16 22 0
