8
14
90 75 108 2 41 48 31 54
0 22 20 17 20 21 18 18 25 16
22 0 20 20 20 23 22 19 15 21
20 20 0 17 22 24 24 19 15 24
17 20 17 0 20 23 17 20 22 23
20 20 22 20 0 24 18 25 22 15
21 23 24 23 24 0 23 23 18 24
18 22 24 17 18 23 0 20 16 24
18 19 19 20 25 23 20 0 16 19
25 15 15 22 22 18 16 16 0 18
16 21 24 23 15 24 24 19 18 0
