8
10
60 77 51 33 26 60 45 70 50 26
4 4 15 11 28 74 10 10 14 41
8 23 46 79 55 30 68 19 39 16
44 50 65 68 16 73 23 59 5 35
70 12 56 19 75 35 18 62 24 79
7 60 14 47 3 15 14 52 26 13
35 65 39 62 73 28 10 32 32 57
16 17 67 40 22 45 17 56 13 53
0 16 20 24 16 15 16 17 16 24
16 0 23 22 24 25 16 17 25 15
20 23 0 20 17 21 20 20 24 20
24 22 20 0 20 17 19 17 24 18
16 24 17 20 0 23 20 22 17 18
15 25 21 17 23 0 24 18 20 18
16 16 20 19 20 24 0 22 23 17
17 17 20 17 22 18 22 0 19 15
16 25 24 24 17 20 23 19 0 16
24 15 20 18 18 18 17 15 16 0
