8
12
4 8 38 30 12 73 68 54
0 18 24 18 16 24 17 15 21 15
18 0 15 24 25 16 19 17 15 18
24 15 0 22 21 23 20 24 17 18
18 24 22 0 15 24 15 15 15 21
16 25 21 15 0 21 22 16 22 20
24 16 23 24 21 0 15 16 17 17
17 19 20 15 22 15 0 21 19 21
15 17 24 15 16 16 21 0 24 24
21 15 17 15 22 17 19 24 0 17
15 18 18 21 20 17 21 24 17 0
