8
14
46 20 76 65 63 9 16 65 24 64 63 25 56 19
70 58 8 67 32 52 6 24 66 55 53 23 80 19
57 46 5 14 11 15 42 28 56 42 17 16 50 70
33 45 38 23 39 79 6 4 69 22 1 2 45 43
38 79 5 73 61 73 52 58 58 22 3 13 4 76
28 69 47 24 47 69 38 25 77 49 16 12 24 34
76 42 37 8 54 78 3 52 67 58 65 57 21 47
66 38 23 16 49 66 5 4 7 32 73 36 33 3
0 17 24 19 15 24 23 20 20 17
17 0 15 21 17 25 18 19 16 16
24 15 0 15 17 15 16 23 19 15
19 21 15 0 24 21 16 16 22 16
15 17 17 24 0 19 21 19 16 24
24 25 15 21 19 0 15 17 23 21
23 18 16 16 21 15 0 22 20 18
20 19 23 16 19 17 22 0 22 25
20 16 19 22 16 23 20 22 0 19
17 16 15 16 24 21 18 25 19 0
