8
4
144 142 42 106 92 57 59 150
0 21 19 15 20 22 16 21 25 22
21 0 23 24 20 15 18 15 16 15
19 23 0 19 24 16 16 15 18 20
15 24 19 0 23 24 21 17 24 15
20 20 24 23 0 22 22 22 22 24
22 15 16 24 22 0 23 20 16 23
16 18 16 21 22 23 0 24 18 23
21 15 15 17 22 20 24 0 16 19
25 16 18 24 22 16 18 16 0 19
22 15 20 15 24 23 23 19 19 0
