8
9
19 59 35 66 45 6 68 77
0 23 15 15 22 21 19 18 25 24
23 0 15 16 16 17 18 23 16 21
15 15 0 23 24 23 24 20 25 15
15 16 23 0 22 24 19 19 19 24
22 16 24 22 0 18 15 16 20 19
21 17 23 24 18 0 16 18 18 24
19 18 24 19 15 16 0 16 16 24
18 23 20 19 16 18 16 0 20 18
25 16 25 19 20 18 16 20 0 21
24 21 15 24 19 24 24 18 21 0
