8
14
22 8 68 17 76 40 6 31
0 24 24 17 22 18 22 24 20 21
24 0 15 15 18 21 22 20 20 23
24 15 0 18 25 21 22 15 19 17
17 15 18 0 19 23 16 25 25 16
22 18 25 19 0 15 16 23 19 15
18 21 21 23 15 0 19 16 15 21
22 22 22 16 16 19 0 18 23 25
24 20 15 25 23 16 18 0 17 16
20 20 19 25 19 15 23 17 0 15
21 23 17 16 15 21 25 16 15 0
