8
14
16 40 4 24 36 14 31 6 9 9 5 19 24 30
21 11 25 3 14 35 10 19 22 39 30 39 12 3
28 24 28 6 12 8 34 10 29 9 21 34 9 33
29 36 5 13 3 11 32 19 31 20 40 27 28 30
9 31 35 36 6 7 4 3 28 1 6 28 38 18
16 7 24 10 36 27 36 6 14 20 38 20 36 7
17 10 24 32 32 4 3 17 16 27 35 40 22 13
18 20 29 8 14 13 30 5 27 19 3 40 20 36
0 19 17 16 16 16 15 25 19 15
19 0 19 17 24 18 19 24 19 19
17 19 0 25 21 17 19 15 20 24
16 17 25 0 22 20 16 19 22 16
16 24 21 22 0 18 16 23 16 23
16 18 17 20 18 0 15 25 16 16
15 19 19 16 16 15 0 19 17 22
25 24 15 19 23 25 19 0 21 18
19 19 20 22 16 16 17 21 0 23
15 19 24 16 23 16 22 18 23 0
