8
8
63 40 25 80 7 32 41 18
0 24 18 21 25 17 25 17 16 24
24 0 25 21 24 25 18 19 20 15
18 25 0 20 21 16 23 19 18 24
21 21 20 0 15 20 25 24 17 17
25 24 21 15 0 16 21 17 15 17
17 25 16 20 16 0 16 15 15 25
25 18 23 25 21 16 0 22 22 25
17 19 19 24 17 15 22 0 15 21
16 20 18 17 15 15 22 15 0 20
24 15 24 17 17 25 25 21 20 0
