8
5
13 10 35 26 35 40 37 16
0 24 20 21 20 25 24 21 20 16
24 0 23 15 15 18 22 22 19 20
20 23 0 23 21 18 25 15 17 19
21 15 23 0 18 16 21 18 20 22
20 15 21 18 0 24 21 16 25 16
25 18 18 16 24 0 23 15 16 23
24 22 25 21 21 23 0 15 22 15
21 22 15 18 16 15 15 0 23 16
20 19 17 20 25 16 22 23 0 19
16 20 19 22 16 23 15 16 19 0
