8
12
75 58 8 31 62 43 71 34 75 23 7 2
12 15 40 16 25 27 3 45 51 75 77 74
6 43 69 67 14 71 63 28 15 48 78 44
45 53 44 2 16 9 17 43 73 55 37 67
45 80 3 35 21 68 40 30 32 45 23 36
4 47 10 4 30 71 77 64 74 12 31 62
64 45 15 74 74 14 32 21 72 20 8 37
72 22 53 52 64 67 75 3 55 41 68 43
0 25 15 21 21 21 15 21 18 24
25 0 18 18 22 18 20 24 24 23
15 18 0 16 24 15 22 23 25 17
21 18 16 0 20 20 20 20 15 22
21 22 24 20 0 16 23 17 18 20
21 18 15 20 16 0 16 21 18 23
15 20 22 20 23 16 0 22 21 22
21 24 23 20 17 21 22 0 20 17
18 24 25 15 18 18 21 20 0 19
24 23 17 22 20 23 22 17 19 0
