8
26
73 68 44 50 76 68 42 55 31 54 31 28 36 53 29 33 60 18 38 65 68 34 58 80 5 28
36 78 56 62 72 58 52 32 25 47 13 67 19 40 65 63 18 29 57 14 52 52 23 66 2 20
28 23 75 20 25 42 44 3 36 23 37 74 65 38 58 72 64 64 79 17 46 53 53 74 23 73
60 80 79 9 79 57 38 52 68 12 39 35 25 72 37 13 78 22 45 38 25 63 24 30 56 18
51 78 21 74 51 26 80 55 45 16 2 28 65 13 19 77 15 18 42 69 68 8 3 18 47 76
5 27 69 17 3 77 64 33 30 25 16 73 48 50 74 7 55 50 39 30 46 36 53 76 21 46
78 22 46 24 35 10 16 48 17 31 35 7 4 48 6 46 28 35 38 16 39 10 6 27 16 39
64 26 26 10 42 19 71 60 9 78 33 57 1 74 75 35 45 67 5 34 4 16 28 37 60 49
0 17 18 23 19 25 24 19 20 23
17 0 21 19 17 25 25 25 15 23
18 21 0 19 25 15 19 22 23 16
23 19 19 0 17 25 15 18 23 20
19 17 25 17 0 23 25 19 22 16
25 25 15 25 23 0 21 17 19 25
24 25 19 15 25 21 0 20 25 22
19 25 22 18 19 17 20 0 18 18
20 15 23 23 22 19 25 18 0 23
23 23 16 20 16 25 22 18 23 0
