8
18
28 26 45 98 83 19 47 58 11 94 65 24 12 114 77 44 85 88
14 57 19 81 120 73 23 35 111 6 48 62 37 45 112 40 28 17
82 67 75 59 46 114 56 16 61 77 18 2 58 38 29 101 18 58
32 68 5 87 4 22 106 77 91 26 50 118 43 21 48 80 79 87
66 72 95 30 83 24 83 86 113 40 20 63 60 59 101 53 77 59
32 35 15 49 90 32 17 31 78 117 98 104 97 101 49 39 79 106
20 32 100 21 20 82 87 11 78 68 46 77 66 82 37 67 10 55
114 41 23 113 45 65 63 86 111 74 116 13 6 22 69 36 36 24
0 18 18 23 24 17 18 19 24 23
18 0 15 18 20 19 24 20 21 17
18 15 0 19 18 18 15 17 20 21
23 18 19 0 25 19 16 20 21 19
24 20 18 25 0 18 20 24 21 20
17 19 18 19 18 0 16 23 25 19
18 24 15 16 20 16 0 19 20 24
19 20 17 20 24 23 19 0 21 17
24 21 20 21 21 25 20 21 0 19
23 17 21 19 20 19 24 17 19 0
