8
9
73 74 80 12 120 44 64 8
0 24 22 22 22 21 22 24 22 21
24 0 19 22 16 20 19 25 16 21
22 19 0 16 19 17 22 17 18 25
22 22 16 0 25 18 18 25 25 15
22 16 19 25 0 22 21 20 15 19
21 20 17 18 22 0 24 22 20 22
22 19 22 18 21 24 0 24 17 20
24 25 17 25 20 22 24 0 23 18
22 16 18 25 15 20 17 23 0 20
21 21 25 15 19 22 20 18 20 0
