8
16
41 60 67 78 51 58 44 18 7 10 10 6 9 8 70 6
68 24 70 7 16 2 8 30 50 15 5 32 64 15 8 8
24 29 53 68 68 4 15 73 69 70 7 16 5 43 24 43
1 9 20 8 15 60 23 64 28 2 6 41 21 21 23 1
79 15 50 50 32 51 30 44 52 15 10 10 36 25 42 57
56 63 24 57 48 38 61 37 29 27 7 79 41 47 36 18
64 61 52 11 46 59 25 29 64 44 23 16 25 63 20 14
33 67 37 21 64 59 47 47 5 18 17 11 12 61 56 69
0 25 18 24 20 20 21 22 21 23
25 0 18 21 17 20 19 21 25 18
18 18 0 21 15 22 15 16 18 18
24 21 21 0 22 15 18 16 16 25
20 17 15 22 0 25 18 16 16 17
20 20 22 15 25 0 17 16 23 18
21 19 15 18 18 17 0 16 17 17
22 21 16 16 16 16 16 0 18 18
21 25 18 16 16 23 17 18 0 19
23 18 18 25 17 18 17 18 19 0
