8
10
153 127 86 71 67 116 36 34
0 22 21 17 18 16 15 19 19 22
22 0 21 18 15 24 18 22 21 16
21 21 0 17 20 25 20 21 23 18
17 18 17 0 20 20 22 24 16 25
18 15 20 20 0 24 18 25 18 23
16 24 25 20 24 0 23 24 19 20
15 18 20 22 18 23 0 23 18 15
19 22 21 24 25 24 23 0 16 15
19 21 23 16 18 19 18 16 0 17
22 16 18 25 23 20 15 15 17 0
