8
26
42 27 80 33 33 8 75 47 39 62 31 58 28 9 44 44 25 76 24 59 23 18 14 21 52 45
76 76 16 54 36 71 64 18 33 10 73 72 13 39 22 41 38 27 29 50 1 8 69 6 58 16
3 47 54 77 48 22 28 35 35 49 17 45 38 48 61 45 30 44 22 62 47 17 5 57 10 11
43 14 74 67 11 12 24 5 30 19 39 68 41 21 72 74 75 35 50 66 19 54 54 43 40 35
33 30 31 50 29 30 27 53 58 60 43 26 20 61 13 59 72 24 12 77 20 8 72 55 9 28
49 30 12 53 46 55 54 39 42 41 73 23 72 13 73 46 13 66 49 33 56 58 21 8 28 30
52 9 77 49 48 57 77 59 75 20 2 49 31 72 50 5 36 32 54 9 38 42 53 58 18 67
18 6 24 58 20 18 37 22 14 8 71 75 15 37 41 50 34 75 60 36 78 64 3 1 67 2
0 24 25 24 17 18 23 23 18 21
24 0 18 23 24 24 22 20 25 23
25 18 0 21 23 24 17 18 21 22
24 23 21 0 21 20 20 20 16 24
17 24 23 21 0 16 20 24 25 20
18 24 24 20 16 0 17 23 22 15
23 22 17 20 20 17 0 16 21 21
23 20 18 20 24 23 16 0 23 21
18 25 21 16 25 22 21 23 0 17
21 23 22 24 20 15 21 21 17 0
