8
16
14 19 31 23 21 14 11 14 31 20 5 40 19 28 32 30
38 6 24 5 29 16 13 30 10 5 25 28 6 3 1 32
6 6 18 34 38 28 26 17 32 4 2 25 1 7 4 5
22 23 27 37 9 15 12 34 34 4 18 16 14 2 32 23
36 40 20 20 18 35 31 18 6 35 32 24 21 30 39 6
32 30 30 26 2 33 34 29 11 22 9 11 2 31 14 39
16 40 28 7 33 40 28 22 20 27 11 35 33 3 24 8
24 6 26 18 19 23 16 24 36 38 13 33 14 21 28 27
0 24 20 15 17 15 16 20 23 25
24 0 17 18 19 24 15 24 16 18
20 17 0 20 25 15 15 20 19 23
15 18 20 0 15 25 22 23 16 18
17 19 25 15 0 16 15 24 16 19
15 24 15 25 16 0 15 22 17 21
16 15 15 22 15 15 0 19 18 16
20 24 20 23 24 22 19 0 23 24
23 16 19 16 16 17 18 23 0 25
25 18 23 18 19 21 16 24 25 0
