8
20
64 20 33 13 23 52 73 72 71 22 29 2 72 61 23 64 1 58 78 21
67 71 45 31 69 27 38 49 1 34 50 44 49 47 35 48 62 77 15 69
73 65 8 37 57 26 6 23 6 40 46 33 7 46 76 78 2 76 59 36
74 43 70 20 61 17 17 69 32 24 37 6 12 39 52 74 10 67 14 49
20 31 24 51 35 3 72 44 69 33 6 78 50 27 62 19 47 71 12 43
24 30 49 27 73 9 70 57 15 1 77 47 1 51 62 66 69 4 60 9
15 39 49 56 4 43 42 13 38 73 38 63 47 41 7 72 48 71 13 43
21 44 12 8 42 53 70 46 53 79 24 74 11 19 6 52 9 76 11 45
0 23 16 25 22 20 22 20 25 17
23 0 21 25 23 24 19 24 20 21
16 21 0 21 25 16 20 16 19 21
25 25 21 0 16 19 23 18 20 23
22 23 25 16 0 19 22 22 23 15
20 24 16 19 19 0 21 19 22 18
22 19 20 23 22 21 0 21 22 16
20 24 16 18 22 19 21 0 24 25
25 20 19 20 23 22 22 24 0 18
17 21 21 23 15 18 16 25 18 0
