8
10
114 36 68 41 19 13 98 7 132 59
65 62 2 87 104 78 151 87 62 41
100 100 127 13 40 143 154 77 8 51
2 35 24 159 88 121 59 139 146 103
72 44 91 106 48 14 13 67 15 36
100 68 116 32 1 35 85 43 72 44
46 51 7 21 18 77 60 155 35 114
85 85 138 158 15 105 62 148 133 114
0 24 15 15 19 21 17 20 17 25
24 0 25 15 19 20 16 23 16 22
15 25 0 22 24 16 16 18 15 20
15 15 22 0 18 24 20 24 23 15
19 19 24 18 0 19 15 20 25 24
21 20 16 24 19 0 21 24 18 16
17 16 16 20 15 21 0 25 17 16
20 23 18 24 20 24 25 0 19 23
17 16 15 23 25 18 17 19 0 22
25 22 20 15 24 16 16 23 22 0
