8
14
69 68 21 5 80 17 44 45
0 25 22 17 15 21 17 18 23 19
25 0 23 18 21 25 23 20 17 22
22 23 0 24 25 23 21 23 19 25
17 18 24 0 22 22 15 15 17 16
15 21 25 22 0 16 17 22 20 23
21 25 23 22 16 0 23 17 17 21
17 23 21 15 17 23 0 19 25 24
18 20 23 15 22 17 19 0 25 23
23 17 19 17 20 17 25 25 0 25
19 22 25 16 23 21 24 23 25 0
