8
26
58 66 67 70 6 118 8 117 43 67 83 106 78 117 35 98 58 27 109 5 116 6 21 119 108 58
91 118 5 55 81 90 17 48 70 16 92 92 118 92 120 87 81 87 96 39 22 100 67 94 106 23
67 94 32 34 26 11 99 97 27 57 14 91 104 80 23 85 117 103 40 22 81 91 90 14 97 83
104 114 104 39 45 24 11 119 79 25 77 27 99 20 78 117 49 74 3 102 107 17 104 12 101 54
118 13 89 76 85 80 98 15 18 43 102 67 68 51 94 3 31 72 77 29 90 86 17 39 34 119
1 38 79 70 14 115 92 25 94 3 21 66 94 59 102 99 1 25 117 25 62 80 78 34 40 6
108 52 15 39 90 69 102 47 36 59 78 1 58 16 28 96 22 12 10 70 106 103 36 69 113 112
112 1 73 110 41 108 67 90 52 117 13 59 88 84 75 30 81 14 89 57 49 13 7 32 96 86
0 21 17 23 22 23 23 25 15 22
21 0 25 17 20 24 17 23 19 16
17 25 0 19 24 23 24 20 21 17
23 17 19 0 17 20 19 19 24 20
22 20 24 17 0 25 15 25 25 19
23 24 23 20 25 0 20 18 22 17
23 17 24 19 15 20 0 24 19 20
25 23 20 19 25 18 24 0 19 16
15 19 21 24 25 22 19 19 0 16
22 16 17 20 19 17 20 16 16 0
