8
12
140 37 29 129 4 96 18 131
0 25 15 18 17 21 22 21 24 17
25 0 15 15 24 24 21 25 15 19
15 15 0 22 21 17 18 25 24 25
18 15 22 0 24 22 22 23 21 23
17 24 21 24 0 22 17 24 17 18
21 24 17 22 22 0 25 18 23 15
22 21 18 22 17 25 0 25 23 25
21 25 25 23 24 18 25 0 15 16
24 15 24 21 17 23 23 15 0 24
17 19 25 23 18 15 25 16 24 0
