8
13
79 4 31 19 41 69 41 35
0 24 22 19 21 24 23 20 19 21
24 0 17 22 18 18 17 20 24 24
22 17 0 22 17 21 15 23 22 25
19 22 22 0 22 22 18 22 25 25
21 18 17 22 0 24 21 15 23 24
24 18 21 22 24 0 23 23 22 20
23 17 15 18 21 23 0 22 23 17
20 20 23 22 15 23 22 0 15 21
19 24 22 25 23 22 23 15 0 18
21 24 25 25 24 20 17 21 18 0
