8
14
36 96 120 85 42 153 133 150
0 24 20 20 21 23 16 22 18 15
24 0 22 24 25 19 15 20 24 21
20 22 0 15 16 24 18 18 20 19
20 24 15 0 19 23 25 16 16 23
21 25 16 19 0 20 24 16 22 20
23 19 24 23 20 0 23 18 20 16
16 15 18 25 24 23 0 18 25 17
22 20 18 16 16 18 18 0 19 16
18 24 20 16 22 20 25 19 0 16
15 21 19 23 20 16 17 16 16 0
