8
15
8 31 26 32 29 27 20 6
0 17 16 15 19 20 21 16 21 15
17 0 18 22 19 21 19 23 21 15
16 18 0 24 23 18 22 18 22 23
15 22 24 0 25 24 25 22 24 23
19 19 23 25 0 25 16 21 24 17
20 21 18 24 25 0 18 22 24 22
21 19 22 25 16 18 0 19 18 21
16 23 18 22 21 22 19 0 22 21
21 21 22 24 24 24 18 22 0 25
15 15 23 23 17 22 21 21 25 0
