8
8
27 7 40 35 33 13 14 22
4 10 40 24 5 33 16 1
10 2 9 10 6 33 21 28
20 2 8 28 8 31 4 19
36 2 16 2 25 19 29 4
12 32 28 32 26 29 11 16
30 9 12 31 12 11 2 30
10 35 23 36 2 39 21 10
0 19 22 25 21 22 21 25 18 22
19 0 21 24 16 22 22 21 18 19
22 21 0 18 17 21 20 22 23 15
25 24 18 0 16 18 19 16 16 16
21 16 17 16 0 21 23 22 20 22
22 22 21 18 21 0 17 20 15 16
21 22 20 19 23 17 0 25 20 24
25 21 22 16 22 20 25 0 18 19
18 18 23 16 20 15 20 18 0 23
22 19 15 16 22 16 24 19 23 0
