8
20
10 67 17 55 15 75 56 15 40 50 33 75 80 46 55 31 39 2 38 43
62 72 1 56 42 47 3 66 45 4 75 66 44 25 3 43 57 35 29 35
67 60 57 3 74 40 27 76 38 27 31 29 22 3 21 5 40 12 6 23
1 67 73 26 37 68 49 60 54 17 62 71 49 16 72 25 16 16 39 75
54 57 7 24 36 25 42 6 20 4 70 32 74 46 10 70 15 69 68 16
59 51 28 30 20 66 32 46 52 29 76 27 29 54 10 16 56 71 6 12
71 50 10 75 70 6 5 53 47 19 4 32 6 64 53 21 76 69 68 70
49 54 31 33 26 20 31 74 69 39 20 75 76 19 80 18 75 69 10 54
0 23 19 20 22 23 25 22 21 23
23 0 17 18 15 16 22 18 23 22
19 17 0 20 18 24 18 15 23 18
20 18 20 0 19 18 20 15 25 15
22 15 18 19 0 15 24 24 21 17
23 16 24 18 15 0 21 25 23 24
25 22 18 20 24 21 0 25 20 17
22 18 15 15 24 25 25 0 15 21
21 23 23 25 21 23 20 15 0 18
23 22 18 15 17 24 17 21 18 0
