8
20
70 48 94 73 62 39 40 51 108 56 46 3 41 89 99 51 101 24 29 21
109 25 96 84 108 72 16 26 26 54 18 9 26 113 111 109 24 93 108 3
116 21 79 120 90 55 29 25 67 21 68 12 108 88 11 112 28 3 70 64
4 39 77 54 11 79 109 118 23 65 66 108 47 110 99 53 6 90 103 16
87 72 6 21 28 90 13 60 92 18 107 36 37 78 72 69 1 87 113 26
6 26 119 113 60 50 34 53 43 83 18 73 50 5 22 41 77 80 71 48
66 85 20 47 99 72 86 14 86 41 36 24 34 96 43 8 26 109 89 37
2 21 26 69 23 90 105 115 102 51 19 89 29 17 22 79 85 6 63 1
0 23 20 18 17 21 24 23 18 23
23 0 20 22 20 20 21 18 23 15
20 20 0 16 19 21 17 15 22 21
18 22 16 0 18 16 24 22 15 17
17 20 19 18 0 20 17 20 23 18
21 20 21 16 20 0 25 16 19 24
24 21 17 24 17 25 0 18 25 15
23 18 15 22 20 16 18 0 24 18
18 23 22 15 23 19 25 24 0 18
23 15 21 17 18 24 15 18 18 0
