8
18
50 11 62 10 77 70 3 73 11 25 47 27 10 6 53 57 25 56
27 45 74 61 67 74 2 74 22 14 29 73 20 62 25 41 59 21
77 21 12 27 3 79 76 49 46 32 44 6 71 16 30 71 70 42
48 73 17 24 8 47 52 19 31 62 23 11 1 42 38 35 50 80
76 77 35 19 39 24 52 39 9 36 28 23 77 26 26 32 5 66
10 1 39 55 50 35 40 61 68 73 12 14 12 66 28 71 57 37
16 79 32 14 1 8 20 53 68 14 6 72 39 69 46 68 59 18
40 16 80 2 5 64 36 70 7 76 4 21 22 57 2 39 12 71
0 22 16 24 24 16 15 21 15 16
22 0 20 20 22 24 24 20 23 20
16 20 0 22 19 25 22 17 23 25
24 20 22 0 24 16 19 15 15 20
24 22 19 24 0 19 18 25 21 17
16 24 25 16 19 0 18 16 25 21
15 24 22 19 18 18 0 16 20 16
21 20 17 15 25 16 16 0 17 23
15 23 23 15 21 25 20 17 0 16
16 20 25 20 17 21 16 23 16 0
