8
8
74 140 143 78 105 33 114 113
0 22 18 19 21 20 20 16 18 22
22 0 23 15 23 15 25 16 17 18
18 23 0 22 25 21 23 24 16 20
19 15 22 0 17 24 22 16 20 18
21 23 25 17 0 24 18 24 23 15
20 15 21 24 24 0 22 17 24 19
20 25 23 22 18 22 0 19 17 16
16 16 24 16 24 17 19 0 25 20
18 17 16 20 23 24 17 25 0 20
22 18 20 18 15 19 16 20 20 0
