8
7
17 20 22 7 17 21 5 25
0 19 24 20 22 17 24 18 15 20
19 0 19 16 23 16 20 15 19 19
24 19 0 22 21 22 16 21 19 24
20 16 22 0 17 15 18 24 24 20
22 23 21 17 0 15 16 18 17 15
17 16 22 15 15 0 19 18 23 16
24 20 16 18 16 19 0 18 17 16
18 15 21 24 18 18 18 0 15 25
15 19 19 24 17 23 17 15 0 25
20 19 24 20 15 16 16 25 25 0
