8
14
105 112 64 50 3 77 83 52 35 27 97 12 58 21
120 9 112 55 88 77 93 80 64 79 58 109 95 19
41 33 120 57 30 59 98 49 45 84 112 116 63 57
73 115 63 88 26 32 41 115 106 10 87 80 106 9
53 31 98 63 49 85 119 66 109 74 23 27 42 90
27 84 59 76 109 36 101 100 25 45 22 16 63 57
113 44 99 47 83 56 10 47 1 66 111 12 10 10
53 110 3 115 76 57 108 22 70 51 20 120 81 6
0 22 18 21 20 22 19 21 16 22
22 0 21 15 18 16 24 22 25 20
18 21 0 22 22 17 17 25 24 17
21 15 22 0 15 16 15 19 25 15
20 18 22 15 0 25 22 23 24 21
22 16 17 16 25 0 23 24 15 21
19 24 17 15 22 23 0 25 23 19
21 22 25 19 23 24 25 0 23 16
16 25 24 25 24 15 23 23 0 24
22 20 17 15 21 21 19 16 24 0
