8
22
73 74 80 12 120 44 64 8 92 98 113 73 64 57 111 57 107 55 59 73 60 100
55 111 33 60 16 45 36 84 14 52 9 38 109 20 89 61 22 32 82 81 29 25
89 87 91 84 3 58 51 42 89 3 104 40 79 60 41 58 74 92 118 102 22 43
67 31 46 32 35 117 111 120 6 22 34 39 106 21 67 52 30 110 30 1 100 78
33 109 2 57 119 56 69 72 101 58 15 37 70 109 33 78 74 88 22 110 71 2
117 31 108 12 64 22 17 15 81 43 76 38 56 117 96 26 114 99 2 4 29 78
107 100 23 81 45 105 98 27 56 83 71 97 103 14 65 5 52 112 72 118 70 30
95 90 80 49 30 115 89 86 57 119 79 98 19 70 91 19 18 111 90 100 84 84
0 20 21 24 17 17 19 21 15 17
20 0 24 22 20 19 21 25 17 24
21 24 0 17 16 17 24 24 23 24
24 22 17 0 19 21 18 23 25 16
17 20 16 19 0 20 16 21 22 23
17 19 17 21 20 0 24 21 19 16
19 21 24 18 16 24 0 15 19 24
21 25 24 23 21 21 15 0 17 19
15 17 23 25 22 19 19 17 0 20
17 24 24 16 23 16 24 19 20 0
