8
8
70 48 94 73 62 39 40 51
0 21 20 15 20 21 17 18 17 18
21 0 25 23 16 18 18 21 17 16
20 25 0 18 17 15 17 24 21 18
15 23 18 0 18 23 17 23 16 25
20 16 17 18 0 16 18 15 23 22
21 18 15 23 16 0 15 19 24 21
17 18 17 17 18 15 0 16 24 17
18 21 24 23 15 19 16 0 23 23
17 17 21 16 23 24 24 23 0 20
18 16 18 25 22 21 17 23 20 0
