8
24
153 127 86 71 67 116 36 34 124 110 36 50 24 14 77 67 114 100 60 16 147 60 114 103
29 39 86 86 98 139 51 81 95 127 158 29 158 62 54 129 129 148 73 93 140 58 5 18
15 47 150 7 97 8 92 112 156 101 60 25 41 66 115 12 33 17 67 7 12 93 92 72
112 112 79 26 98 127 16 33 153 154 143 31 5 30 69 122 123 37 20 80 77 35 143 52
146 104 32 18 26 94 118 88 49 131 105 104 137 15 67 129 94 151 82 104 137 102 80 142
151 85 21 51 44 131 132 54 92 81 111 73 92 141 104 106 5 13 74 123 103 141 116 106
149 117 132 65 58 131 23 130 22 156 111 138 45 90 52 52 64 49 113 35 145 120 138 58
48 83 43 147 36 117 131 24 38 130 31 82 62 138 72 7 143 44 85 58 150 20 11 31
0 16 23 19 21 24 22 23 22 22
16 0 20 23 25 24 24 25 18 20
23 20 0 22 15 25 15 23 24 15
19 23 22 0 24 25 23 18 21 18
21 25 15 24 0 18 22 19 20 21
24 24 25 25 18 0 24 21 25 15
22 24 15 23 22 24 0 22 15 23
23 25 23 18 19 21 22 0 23 16
22 18 24 21 20 25 15 23 0 20
22 20 15 18 21 15 23 16 20 0
