8
13
49 42 72 63 43 5 1 17
0 17 20 16 21 22 19 24 25 21
17 0 21 24 24 16 16 22 25 19
20 21 0 24 25 24 19 16 15 19
16 24 24 0 22 17 15 19 22 22
21 24 25 22 0 20 18 21 18 18
22 16 24 17 20 0 23 19 20 19
19 16 19 15 18 23 0 15 24 22
24 22 16 19 21 19 15 0 19 21
25 25 15 22 18 20 24 19 0 17
21 19 19 22 18 19 22 21 17 0
