8
10
106 5 81 12 11 13 50 10 30 98
49 98 30 24 47 42 3 21 8 37
73 59 93 30 62 60 114 17 89 15
29 31 84 13 113 120 72 115 49 59
112 84 46 5 1 84 88 34 111 31
43 91 2 53 106 26 78 24 78 101
97 108 21 76 95 87 13 56 80 102
78 60 93 34 96 102 103 87 51 57
0 21 15 25 18 15 24 21 18 18
21 0 23 17 21 17 16 15 21 21
15 23 0 19 24 15 24 20 15 25
25 17 19 0 16 18 25 22 15 24
18 21 24 16 0 17 19 20 17 19
15 17 15 18 17 0 23 15 16 19
24 16 24 25 19 23 0 17 21 18
21 15 20 22 20 15 17 0 19 18
18 21 15 15 17 16 21 19 0 24
18 21 25 24 19 19 18 18 24 0
