8
14
54 63 27 55 65 48 61 72 8 28 34 55 39 10
44 5 69 23 38 16 6 48 69 30 78 64 76 62
77 10 80 58 61 31 11 52 35 33 77 80 61 26
51 67 34 51 70 34 67 72 33 7 41 12 68 80
79 37 31 17 32 7 33 63 10 2 73 32 14 33
45 68 25 4 7 26 18 80 18 64 5 74 73 5
15 9 52 63 37 58 30 77 76 23 80 10 30 79
60 55 36 55 39 3 22 77 67 50 29 21 58 31
0 20 20 20 20 18 18 25 23 18
20 0 25 23 16 25 24 23 22 17
20 25 0 15 17 17 22 17 25 16
20 23 15 0 16 17 19 21 19 15
20 16 17 16 0 18 17 24 16 16
18 25 17 17 18 0 24 22 17 24
18 24 22 19 17 24 0 16 19 20
25 23 17 21 24 22 16 0 23 19
23 22 25 19 16 17 19 23 0 19
18 17 16 15 16 24 20 19 19 0
