8
7
50 11 62 10 77 70 3 73
0 25 25 16 18 20 18 16 15 21
25 0 22 18 21 18 20 24 22 23
25 22 0 24 25 15 24 25 17 25
16 18 24 0 16 18 24 17 22 18
18 21 25 16 0 20 22 17 24 17
20 18 15 18 20 0 16 18 15 24
18 20 24 24 22 16 0 24 25 21
16 24 25 17 17 18 24 0 20 25
15 22 17 22 24 15 25 20 0 18
21 23 25 18 17 24 21 25 18 0
