8
22
33 31 32 32 12 36 9 3 3 29 1 22 11 15 24 26 5 39 39 30 38 5
5 35 18 32 19 6 25 30 36 20 7 21 24 10 39 30 22 17 3 13 3 6
12 5 26 17 13 36 31 4 12 35 17 23 20 40 14 17 13 11 8 12 30 11
1 33 28 31 6 10 13 30 13 30 10 13 37 17 19 17 4 15 18 25 35 24
34 24 32 27 36 8 33 23 5 24 8 17 22 3 19 7 35 5 27 15 6 31
3 35 32 19 25 1 28 29 15 7 14 35 27 8 25 1 33 11 5 35 2 13
8 23 39 27 29 31 25 32 12 40 36 32 27 18 24 35 33 9 21 21 10 6
22 36 15 37 30 36 14 26 33 39 15 10 16 20 23 16 1 34 18 15 15 4
0 17 23 18 23 17 23 18 15 15
17 0 21 25 21 20 24 21 17 23
23 21 0 18 20 18 25 19 23 24
18 25 18 0 15 19 15 22 15 20
23 21 20 15 0 23 20 15 19 17
17 20 18 19 23 0 23 15 19 17
23 24 25 15 20 23 0 17 22 16
18 21 19 22 15 15 17 0 15 24
15 17 23 15 19 19 22 15 0 25
15 23 24 20 17 17 16 24 25 0
