8
6
26 3 39 49 26 42 26 3
0 24 19 18 22 22 17 18 17 21
24 0 21 17 21 22 19 18 18 15
19 21 0 25 21 24 25 21 20 23
18 17 25 0 24 25 16 17 23 25
22 21 21 24 0 25 17 15 15 21
22 22 24 25 25 0 15 18 23 22
17 19 25 16 17 15 0 21 19 16
18 18 21 17 15 18 21 0 22 25
17 18 20 23 15 23 19 22 0 15
21 15 23 25 21 22 16 25 15 0
