8
26
34 35 9 13 67 56 22 74 22 66 14 60 64 26 71 34 47 36 51 4 39 34 44 4 12 4
62 22 33 19 49 55 9 28 47 20 62 27 57 11 52 19 26 39 63 19 10 45 17 31 45 51
46 12 38 29 25 29 38 47 13 65 61 47 18 79 37 35 24 61 80 39 74 61 60 63 66 71
57 47 63 43 79 13 10 51 67 14 73 61 33 25 38 57 41 2 68 8 38 57 74 18 33 56
48 48 75 10 24 76 57 34 78 24 40 56 32 10 10 37 22 29 16 21 5 78 75 80 37 10
60 3 55 48 40 71 18 8 27 9 30 29 12 74 13 30 28 24 65 23 54 43 35 61 32 38
45 16 71 54 13 28 43 28 61 7 22 9 17 26 12 30 21 42 70 62 48 50 22 31 54 60
18 68 19 21 35 41 46 12 9 51 66 18 31 73 44 80 69 10 52 13 26 21 36 8 29 68
0 19 20 15 20 25 23 21 15 25
19 0 16 20 24 20 24 19 23 22
20 16 0 22 23 18 18 25 17 17
15 20 22 0 17 23 19 16 23 21
20 24 23 17 0 19 19 21 20 15
25 20 18 23 19 0 23 22 19 16
23 24 18 19 19 23 0 23 19 21
21 19 25 16 21 22 23 0 16 22
15 23 17 23 20 19 19 16 0 24
25 22 17 21 15 16 21 22 24 0
