8
10
3 15 11 70 63 29 1 77 53 68
5 66 66 7 73 75 33 47 36 62
8 49 12 77 13 80 10 68 36 76
74 40 2 57 68 48 51 63 26 53
60 74 6 14 67 20 20 38 37 70
2 20 50 59 58 41 49 14 17 77
21 6 58 8 19 13 16 61 75 70
31 61 6 15 5 69 12 4 61 54
0 15 22 19 17 25 17 19 20 22
15 0 22 23 21 24 23 15 20 21
22 22 0 25 15 15 25 23 24 23
19 23 25 0 17 17 16 21 16 17
17 21 15 17 0 17 17 18 20 18
25 24 15 17 17 0 20 21 25 22
17 23 25 16 17 20 0 24 23 24
19 15 23 21 18 21 24 0 21 17
20 20 24 16 20 25 23 21 0 21
22 21 23 17 18 22 24 17 21 0
