8
14
141 31 29 140 113 110 71 92
0 24 16 19 25 16 19 16 16 25
24 0 20 16 25 21 20 19 18 21
16 20 0 15 18 15 22 22 25 16
19 16 15 0 25 17 17 24 17 23
25 25 18 25 0 18 17 17 17 19
16 21 15 17 18 0 24 24 23 16
19 20 22 17 17 24 0 19 15 24
16 19 22 24 17 24 19 0 25 19
16 18 25 17 17 23 15 25 0 25
25 21 16 23 19 16 24 19 25 0
