8
26
33 8 14 64 73 37 68 24 32 14 31 32 46 59 3 15 53 49 18 52 36 70 16 76 41 77
69 25 73 8 64 32 23 71 80 43 46 20 60 76 77 60 80 12 32 56 36 62 79 79 60 7
22 26 44 28 6 53 41 69 75 31 30 19 29 49 54 38 49 12 13 39 32 41 61 8 11 45
67 48 26 19 63 8 26 46 69 10 57 4 34 1 78 12 24 25 26 11 31 67 49 46 44 45
50 65 29 48 13 43 1 16 34 40 49 75 8 14 54 22 8 65 45 40 31 72 13 50 16 59
35 25 33 47 18 4 35 4 67 46 68 78 35 12 63 2 43 46 36 48 3 27 9 59 18 42
73 12 28 77 3 44 6 6 45 53 71 75 11 40 25 28 16 11 27 32 52 40 10 25 59 80
24 39 32 48 59 2 18 26 55 31 12 80 2 1 20 25 56 67 17 36 40 72 70 53 65 25
0 15 25 25 25 19 22 24 16 15
15 0 15 18 23 20 23 22 23 23
25 15 0 22 18 15 17 19 19 24
25 18 22 0 21 18 15 24 22 25
25 23 18 21 0 23 16 15 15 23
19 20 15 18 23 0 22 24 16 23
22 23 17 15 16 22 0 23 16 21
24 22 19 24 15 24 23 0 21 20
16 23 19 22 15 16 16 21 0 20
15 23 24 25 23 23 21 20 20 0
