8
9
33 31 32 32 12 36 9 3
0 15 22 15 20 17 18 20 21 16
15 0 25 24 24 22 24 16 16 23
22 25 0 19 22 19 16 21 22 25
15 24 19 0 23 19 25 16 20 25
20 24 22 23 0 20 17 24 22 20
17 22 19 19 20 0 19 15 18 15
18 24 16 25 17 19 0 16 17 16
20 16 21 16 24 15 16 0 21 19
21 16 22 20 22 18 17 21 0 18
16 23 25 25 20 15 16 19 18 0
