8
8
30 39 3 17 21 39 40 37
0 17 18 21 17 16 16 25 18 20
17 0 18 25 21 18 17 18 25 21
18 18 0 22 23 16 22 25 19 17
21 25 22 0 15 16 22 15 20 18
17 21 23 15 0 18 24 24 24 18
16 18 16 16 18 0 18 17 19 18
16 17 22 22 24 18 0 16 22 25
25 18 25 15 24 17 16 0 21 22
18 25 19 20 24 19 22 21 0 24
20 21 17 18 18 18 25 22 24 0
