8
14
58 68 59 73 51 66 70 38 72 76 19 7 52 71
61 37 66 46 53 24 8 30 2 6 47 1 46 5
54 20 22 11 68 64 17 42 25 50 61 11 16 39
78 65 79 12 16 22 2 4 11 60 57 21 42 13
60 60 16 51 38 64 15 76 45 42 53 37 34 61
55 41 56 24 50 37 5 75 80 16 17 72 57 28
55 24 57 72 68 5 48 2 49 4 49 43 9 4
50 51 21 59 62 23 30 71 51 80 51 38 3 33
0 17 23 15 16 17 20 22 22 22
17 0 15 22 23 25 19 20 16 15
23 15 0 16 21 20 17 22 18 25
15 22 16 0 22 17 23 17 15 15
16 23 21 22 0 24 22 23 23 17
17 25 20 17 24 0 19 25 18 15
20 19 17 23 22 19 0 23 24 23
22 20 22 17 23 25 23 0 18 18
22 16 18 15 23 18 24 18 0 21
22 15 25 15 17 15 23 18 21 0
