8
10
29 53 40 96 104 65 39 36
0 16 18 22 20 15 20 24 21 21
16 0 23 19 20 25 23 20 17 18
18 23 0 17 16 17 19 23 15 19
22 19 17 0 24 22 19 25 21 25
20 20 16 24 0 24 21 17 22 15
15 25 17 22 24 0 15 24 15 21
20 23 19 19 21 15 0 18 23 23
24 20 23 25 17 24 18 0 20 16
21 17 15 21 22 15 23 20 0 16
21 18 19 25 15 21 23 16 16 0
