8
11
58 66 67 70 6 118 8 117
0 20 23 25 24 19 22 18 15 15
20 0 17 22 15 21 25 17 20 23
23 17 0 16 25 25 25 19 17 23
25 22 16 0 17 23 18 19 18 16
24 15 25 17 0 18 22 16 24 17
19 21 25 23 18 0 25 19 17 25
22 25 25 18 22 25 0 16 25 19
18 17 19 19 16 19 16 0 20 17
15 20 17 18 24 17 25 20 0 16
15 23 23 16 17 25 19 17 16 0
