8
16
69 65 63 44 54 18 41 33 45 45 70 34 12 47 25 19
9 3 33 47 63 26 47 49 24 57 61 64 67 66 12 20
37 37 14 49 5 18 6 43 63 79 79 63 40 41 40 68
20 49 42 44 79 70 14 19 2 45 76 35 20 10 28 34
28 78 10 43 36 29 22 1 69 62 45 32 21 69 2 53
4 37 48 72 16 26 55 17 53 25 62 22 52 64 10 50
1 28 59 48 35 19 42 39 57 78 58 65 66 12 27 74
42 9 5 67 21 31 6 11 37 38 69 41 59 58 24 22
0 22 19 20 22 23 24 15 23 20
22 0 20 18 21 19 20 16 16 25
19 20 0 25 19 19 22 15 22 17
20 18 25 0 15 21 21 21 17 20
22 21 19 15 0 22 15 23 24 25
23 19 19 21 22 0 17 24 20 19
24 20 22 21 15 17 0 25 22 23
15 16 15 21 23 24 25 0 19 22
23 16 22 17 24 20 22 19 0 24
20 25 17 20 25 19 23 22 24 0
