8
14
104 82 49 41 24 7 111 94 93 18 10 61 81 91
78 14 60 62 101 24 59 50 83 21 52 96 56 111
45 83 98 62 41 13 120 108 110 22 57 106 73 78
6 25 80 42 60 107 107 106 79 32 16 59 23 67
58 77 100 115 99 41 64 14 23 41 79 33 118 18
14 40 18 69 49 40 3 113 50 93 57 25 95 95
77 48 61 15 97 118 12 1 74 22 36 25 62 39
13 39 1 35 74 37 120 12 95 116 72 119 27 97
0 21 18 24 22 21 16 20 16 19
21 0 25 24 19 21 25 20 19 17
18 25 0 18 25 16 19 21 20 16
24 24 18 0 23 20 15 20 20 22
22 19 25 23 0 21 25 25 23 17
21 21 16 20 21 0 22 24 19 15
16 25 19 15 25 22 0 19 24 22
20 20 21 20 25 24 19 0 20 16
16 19 20 20 23 19 24 20 0 18
19 17 16 22 17 15 22 16 18 0
