8
4
35 20 14 11
2 23 17 37
10 20 19 8
30 22 12 12
5 13 10 36
32 35 26 23
38 36 22 23
1 11 34 38
0 23 21 17 17 15 23 17 23 21
23 0 15 23 19 25 19 24 15 25
21 15 0 24 20 17 19 17 23 23
17 23 24 0 20 17 21 22 23 24
17 19 20 20 0 25 18 23 16 21
15 25 17 17 25 0 18 18 25 16
23 19 19 21 18 18 0 25 16 21
17 24 17 22 23 18 25 0 23 21
23 15 23 23 16 25 16 23 0 22
21 25 23 24 21 16 21 21 22 0
