8
22
13 21 25 23 15 9 16 39 1 10 33 18 3 30 33 20 7 25 28 6 40 26
5 21 31 26 26 32 32 27 21 34 27 39 30 24 37 24 34 17 39 25 3 7
14 5 37 12 26 38 4 26 21 23 15 28 20 20 21 4 10 16 36 9 2 18
2 36 36 11 32 5 25 37 36 25 1 6 40 18 35 21 35 32 24 33 17 8
14 1 5 22 13 10 34 5 35 29 3 2 31 20 32 23 16 5 32 6 16 14
3 3 38 33 8 10 3 9 36 8 23 34 11 13 20 15 22 21 4 19 11 34
37 15 36 31 19 7 19 36 27 12 17 35 23 17 16 1 7 14 2 31 24 11
16 17 26 36 20 20 15 39 39 8 10 3 37 14 25 14 21 16 16 9 39 29
0 24 15 20 18 22 17 17 17 17
24 0 23 17 23 17 23 22 24 23
15 23 0 16 22 19 21 24 24 17
20 17 16 0 15 21 24 25 24 19
18 23 22 15 0 21 22 16 22 18
22 17 19 21 21 0 19 17 25 19
17 23 21 24 22 19 0 16 24 20
17 22 24 25 16 17 16 0 21 21
17 24 24 24 22 25 24 21 0 18
17 23 17 19 18 19 20 21 18 0
