8
11
43 65 121 155 136 92 60 12
0 22 25 25 24 25 20 15 16 23
22 0 19 15 15 19 18 18 15 16
25 19 0 20 17 21 20 18 21 17
25 15 20 0 20 18 20 19 17 16
24 15 17 20 0 24 25 24 19 16
25 19 21 18 24 0 19 23 23 18
20 18 20 20 25 19 0 15 21 19
15 18 18 19 24 23 15 0 21 17
16 15 21 17 19 23 21 21 0 15
23 16 17 16 16 18 19 17 15 0
