8
12
20 82 102 16 41 17 63 59 27 34 2 63
23 60 33 79 49 114 101 38 119 98 87 67
37 56 87 52 17 109 39 48 116 21 103 91
12 55 76 19 107 109 34 1 99 63 29 109
87 85 49 40 25 119 16 83 66 24 108 93
97 88 38 13 55 104 103 45 57 53 11 31
27 1 43 54 91 27 28 50 63 115 73 9
61 55 20 65 11 38 27 35 8 51 70 87
0 15 21 19 17 15 22 23 22 22
15 0 22 25 16 18 15 23 24 22
21 22 0 22 19 21 19 20 15 16
19 25 22 0 21 17 15 17 21 19
17 16 19 21 0 20 24 18 19 22
15 18 21 17 20 0 23 16 20 24
22 15 19 15 24 23 0 23 15 20
23 23 20 17 18 16 23 0 24 20
22 24 15 21 19 20 15 24 0 18
22 22 16 19 22 24 20 20 18 0
