8
10
107 23 17 10 20 94 118 37 1 92
86 159 27 153 132 68 123 65 34 149
34 6 17 45 77 95 55 67 84 40
84 3 7 31 68 47 73 90 83 139
140 46 5 117 21 45 94 90 140 154
10 64 69 35 82 2 7 57 40 67
136 128 85 101 56 152 83 4 98 111
8 83 38 24 30 63 116 118 102 50
0 22 23 24 17 19 22 16 20 19
22 0 15 23 21 21 24 18 22 20
23 15 0 20 17 21 16 21 18 16
24 23 20 0 22 16 21 18 24 22
17 21 17 22 0 25 19 17 25 19
19 21 21 16 25 0 19 23 25 16
22 24 16 21 19 19 0 16 22 24
16 18 21 18 17 23 16 0 22 20
20 22 18 24 25 25 22 22 0 20
19 20 16 22 19 16 24 20 20 0
