8
10
4 12 29 28 5 20 4 1
0 18 21 21 20 25 15 16 25 23
18 0 20 20 24 20 24 18 19 19
21 20 0 25 21 25 18 18 25 21
21 20 25 0 20 15 17 22 19 23
20 24 21 20 0 18 17 24 25 20
25 20 25 15 18 0 23 20 20 24
15 24 18 17 17 23 0 17 15 15
16 18 18 22 24 20 17 0 19 22
25 19 25 19 25 20 15 19 0 24
23 19 21 23 20 24 15 22 24 0
