8
24
93 51 53 17 100 75 3 112 25 53 1 80 105 72 41 73 56 63 60 33 90 8 113 118
19 116 52 67 42 33 23 108 56 37 97 106 6 82 70 83 24 3 22 10 75 63 51 50
44 64 93 120 20 35 99 108 7 37 62 39 88 31 53 96 113 13 63 65 34 54 3 83
37 60 42 113 10 66 93 47 16 34 1 13 119 101 21 96 44 50 67 44 60 102 109 76
11 55 15 13 55 49 46 52 96 29 104 84 22 93 82 93 51 79 12 118 18 109 64 57
46 75 54 97 114 73 68 93 44 36 107 99 51 88 64 78 34 30 66 85 70 82 100 82
66 84 60 47 11 81 19 20 2 35 40 32 53 69 53 74 23 91 39 84 2 35 67 76
66 54 76 32 74 111 113 116 51 53 21 20 117 48 77 10 61 7 45 26 59 17 114 22
0 23 24 15 25 23 18 20 21 23
23 0 24 22 24 18 18 17 23 25
24 24 0 22 19 23 22 23 15 20
15 22 22 0 20 21 23 17 25 20
25 24 19 20 0 19 16 19 18 17
23 18 23 21 19 0 16 18 25 15
18 18 22 23 16 16 0 22 20 17
20 17 23 17 19 18 22 0 20 22
21 23 15 25 18 25 20 20 0 25
23 25 20 20 17 15 17 22 25 0
