8
6
47 74 64 112 80 28
135 86 90 72 26 61
57 108 56 30 63 44
154 46 41 9 102 37
76 147 108 52 15 22
103 65 1 140 30 138
75 52 11 155 155 1
125 80 118 46 51 47
0 18 15 21 23 18 16 15 15 18
18 0 25 19 23 20 25 24 20 15
15 25 0 24 20 21 15 17 20 24
21 19 24 0 18 21 24 25 18 15
23 23 20 18 0 15 16 17 19 24
18 20 21 21 15 0 22 24 15 16
16 25 15 24 16 22 0 25 21 19
15 24 17 25 17 24 25 0 20 25
15 20 20 18 19 15 21 20 0 25
18 15 24 15 24 16 19 25 25 0
