9
11
56 26 77 6 33 70 56 13 50
0 15 15 18 17 20 19 16 22 25 22
15 0 22 19 15 23 17 24 17 19 18
15 22 0 24 22 21 17 25 16 23 25
18 19 24 0 24 19 15 17 16 18 24
17 15 22 24 0 21 21 22 17 20 15
20 23 21 19 21 0 22 21 22 22 21
19 17 17 15 21 22 0 20 20 20 15
16 24 25 17 22 21 20 0 18 15 16
22 17 16 16 17 22 20 18 0 19 17
25 19 23 18 20 22 20 15 19 0 24
22 18 25 24 15 21 15 16 17 24 0
