9
22
8 19 20 1 35 16 6 15 25 27 23 25 10 40 23 34 30 20 6 27 26 11
23 32 18 23 5 35 5 18 7 33 22 36 26 34 15 23 40 31 1 12 23 24
33 38 29 25 33 36 35 13 25 25 19 25 20 25 27 24 40 21 24 33 20 32
18 16 31 23 17 36 1 8 36 9 28 15 4 2 16 36 29 6 13 34 9 7
18 9 21 27 18 26 22 13 27 15 33 13 8 26 1 35 33 25 38 20 37 22
19 11 6 1 30 1 8 20 22 26 24 32 6 13 1 32 26 22 6 24 12 31
28 28 32 1 12 18 26 34 27 39 7 2 1 34 16 16 31 26 16 17 25 29
21 25 26 36 35 2 19 15 25 8 17 2 30 23 39 13 36 23 30 12 1 13
5 37 27 17 37 1 31 7 38 4 36 27 16 12 37 17 38 19 37 23 36 5
0 21 25 18 18 23 17 19 25 17 21
21 0 15 21 16 22 19 20 25 21 15
25 15 0 22 17 23 17 20 20 25 21
18 21 22 0 23 22 19 24 20 19 21
18 16 17 23 0 19 20 24 16 16 18
23 22 23 22 19 0 17 18 23 15 21
17 19 17 19 20 17 0 18 19 16 21
19 20 20 24 24 18 18 0 20 20 17
25 25 20 20 16 23 19 20 0 18 15
17 21 25 19 16 15 16 20 18 0 24
21 15 21 21 18 21 21 17 15 24 0
