9
4
102 97 39 111
37 76 52 20
96 112 66 101
70 19 43 55
37 112 94 7
1 52 78 45
49 106 105 72
88 73 16 103
85 52 6 48
0 20 15 22 18 24 16 15 24 16 22
20 0 23 21 17 22 23 24 23 15 15
15 23 0 24 21 21 23 16 17 19 15
22 21 24 0 25 21 24 20 17 25 19
18 17 21 25 0 16 20 21 15 18 17
24 22 21 21 16 0 21 19 24 24 23
16 23 23 24 20 21 0 18 20 15 20
15 24 16 20 21 19 18 0 15 25 18
24 23 17 17 15 24 20 15 0 20 24
16 15 19 25 18 24 15 25 20 0 23
22 15 15 19 17 23 20 18 24 23 0
