9
9
29 3 11 32 28 37 11 18 32
0 22 20 19 25 23 16 20 18 21 23
22 0 25 21 22 17 20 20 22 16 23
20 25 0 25 16 21 21 23 20 22 23
19 21 25 0 16 21 16 21 22 16 15
25 22 16 16 0 23 16 17 25 17 23
23 17 21 21 23 0 20 25 22 25 24
16 20 21 16 16 20 0 21 17 18 19
20 20 23 21 17 25 21 0 17 21 21
18 22 20 22 25 22 17 17 0 15 18
21 16 22 16 17 25 18 21 15 0 15
23 23 23 15 23 24 19 21 18 15 0
