9
10
76 85 20 121 77 153 12 87 12
0 23 24 22 17 17 16 20 24 17 16
23 0 20 16 17 22 22 21 22 17 25
24 20 0 19 15 15 24 24 15 22 17
22 16 19 0 20 21 21 15 19 20 18
17 17 15 20 0 16 16 17 19 22 23
17 22 15 21 16 0 22 23 24 24 22
16 22 24 21 16 22 0 20 16 20 17
20 21 24 15 17 23 20 0 25 24 22
24 22 15 19 19 24 16 25 0 17 18
17 17 22 20 22 24 20 24 17 0 24
16 25 17 18 23 22 17 22 18 24 0
