9
14
20 4 27 22 6 21 24 21 15
0 17 16 20 17 16 19 15 16 22 24
17 0 19 18 22 25 17 20 23 24 19
16 19 0 22 20 16 20 20 15 18 17
20 18 22 0 15 23 21 22 20 20 19
17 22 20 15 0 16 25 19 17 24 16
16 25 16 23 16 0 15 21 18 25 18
19 17 20 21 25 15 0 25 20 20 19
15 20 20 22 19 21 25 0 16 25 21
16 23 15 20 17 18 20 16 0 17 16
22 24 18 20 24 25 20 25 17 0 25
24 19 17 19 16 18 19 21 16 25 0
