9
12
39 96 7 69 72 115 59 61 36 111 80 87
9 24 26 35 5 16 113 58 9 17 106 34
119 97 51 43 29 65 10 49 32 76 115 48
95 57 25 33 30 26 77 107 77 89 32 83
96 18 19 111 78 58 89 113 40 104 86 70
35 30 43 96 116 59 93 119 15 7 2 104
21 4 73 77 26 26 36 68 114 68 71 37
92 73 94 26 83 71 5 44 45 2 98 71
113 63 47 81 10 9 18 9 51 72 69 55
0 24 20 22 20 21 16 17 18 18 19
24 0 23 25 21 17 17 24 25 23 20
20 23 0 20 18 24 21 25 23 16 22
22 25 20 0 21 17 15 24 15 20 20
20 21 18 21 0 20 17 18 24 23 18
21 17 24 17 20 0 25 25 25 20 25
16 17 21 15 17 25 0 16 25 20 19
17 24 25 24 18 25 16 0 15 16 15
18 25 23 15 24 25 25 15 0 22 20
18 23 16 20 23 20 20 16 22 0 19
19 20 22 20 18 25 19 15 20 19 0
