9
10
9 65 39 26 54 40 72 21 71 78
18 20 75 37 1 35 70 78 7 10
26 76 54 17 12 69 35 44 12 27
42 6 18 73 56 49 36 39 44 53
31 68 41 78 61 53 62 52 3 34
35 79 4 18 74 10 68 26 63 20
80 30 70 9 68 8 70 36 65 3
78 51 19 78 15 12 59 6 62 54
37 47 26 15 6 2 60 41 6 73
0 23 23 22 24 18 18 24 16 23 22
23 0 20 23 17 20 22 21 17 15 16
23 20 0 16 21 19 19 19 16 16 19
22 23 16 0 25 17 15 17 21 15 19
24 17 21 25 0 19 17 22 16 20 22
18 20 19 17 19 0 20 20 22 19 15
18 22 19 15 17 20 0 22 17 21 19
24 21 19 17 22 20 22 0 17 17 22
16 17 16 21 16 22 17 17 0 22 20
23 15 16 15 20 19 21 17 22 0 19
22 16 19 19 22 15 19 22 20 19 0
