9
7
13 6 25 18 4 14 32 27 36
0 19 19 15 20 15 21 16 24 19 19
19 0 18 22 18 20 16 16 18 20 16
19 18 0 19 19 22 16 17 20 25 15
15 22 19 0 15 20 20 16 15 20 21
20 18 19 15 0 22 16 19 23 15 21
15 20 22 20 22 0 19 25 18 20 22
21 16 16 20 16 19 0 15 15 25 20
16 16 17 16 19 25 15 0 23 24 19
24 18 20 15 23 18 15 23 0 18 18
19 20 25 20 15 20 25 24 18 0 22
19 16 15 21 21 22 20 19 18 22 0
