9
14
19 42 42 12 99 60 103 11 26 4 37 107 97 94
17 88 49 56 15 56 114 6 106 74 69 70 60 115
102 78 85 89 107 61 93 46 73 69 68 108 43 61
58 41 41 80 47 80 51 53 87 47 57 38 34 91
11 59 53 112 76 77 63 21 50 99 1 5 53 25
57 27 30 72 15 51 70 73 101 52 86 92 22 68
44 107 62 15 111 27 24 77 77 74 111 92 62 32
101 39 69 88 4 59 59 33 108 73 75 6 43 101
46 12 63 88 58 104 35 6 96 95 7 58 44 87
0 15 23 16 16 24 25 21 20 24 19
15 0 25 25 22 20 19 21 24 20 20
23 25 0 18 19 18 16 16 24 19 20
16 25 18 0 16 24 17 18 21 24 16
16 22 19 16 0 15 15 20 20 23 24
24 20 18 24 15 0 22 15 15 23 23
25 19 16 17 15 22 0 17 17 19 22
21 21 16 18 20 15 17 0 18 24 24
20 24 24 21 20 15 17 18 0 22 20
24 20 19 24 23 23 19 24 22 0 19
19 20 20 16 24 23 22 24 20 19 0
