9
8
18 65 107 77 92 45 91 22 90
0 25 21 19 18 21 20 23 15 18 22
25 0 18 19 18 18 20 22 25 23 25
21 18 0 16 24 18 16 20 20 20 20
19 19 16 0 18 23 17 22 15 20 22
18 18 24 18 0 25 25 19 19 19 25
21 18 18 23 25 0 15 17 25 24 25
20 20 16 17 25 15 0 19 25 21 21
23 22 20 22 19 17 19 0 20 25 19
15 25 20 15 19 25 25 20 0 24 15
18 23 20 20 19 24 21 25 24 0 24
22 25 20 22 25 25 21 19 15 24 0
