9
11
12 56 10 11 69 79 48 60 55
0 18 15 23 17 23 22 21 18 16 15
18 0 23 23 19 19 20 20 22 15 18
15 23 0 15 23 22 22 20 20 20 23
23 23 15 0 21 18 21 15 25 25 17
17 19 23 21 0 15 20 23 17 15 24
23 19 22 18 15 0 21 24 25 20 18
22 20 22 21 20 21 0 17 20 21 21
21 20 20 15 23 24 17 0 19 20 22
18 22 20 25 17 25 20 19 0 23 25
16 15 20 25 15 20 21 20 23 0 18
15 18 23 17 24 18 21 22 25 18 0
