9
14
24 88 51 108 65 5 35 10 79
0 15 22 22 19 15 20 20 19 23 24
15 0 19 24 19 19 18 25 18 19 18
22 19 0 17 24 15 15 25 15 17 18
22 24 17 0 15 17 25 22 19 20 19
19 19 24 15 0 23 16 25 18 15 25
15 19 15 17 23 0 24 21 22 19 22
20 18 15 25 16 24 0 25 20 22 18
20 25 25 22 25 21 25 0 20 24 19
19 18 15 19 18 22 20 20 0 15 16
23 19 17 20 15 19 22 24 15 0 18
24 18 18 19 25 22 18 19 16 18 0
