9
24
140 105 137 83 61 90 48 138 57 99 66 64 62 109 27 149 147 144 48 155 57 28 118 42
40 86 81 132 58 116 97 42 36 20 6 45 112 27 101 102 127 22 119 23 17 81 73 144
25 95 94 27 31 51 49 141 130 137 76 5 136 43 135 44 77 48 159 117 154 32 9 125
32 44 105 149 144 90 65 1 118 141 86 5 82 138 157 114 117 4 22 145 125 70 112 72
59 62 101 53 91 124 35 70 65 12 64 147 15 89 2 61 138 14 49 101 140 87 67 4
132 113 76 53 81 148 79 43 131 160 100 83 104 23 97 85 69 82 128 92 92 63 133 128
64 125 110 102 118 9 57 60 77 132 76 124 130 147 75 74 77 63 39 70 71 3 118 82
125 115 23 46 127 23 22 13 52 75 144 113 18 48 81 154 122 8 124 147 116 22 64 85
82 118 135 63 135 127 11 82 90 41 100 121 37 137 36 134 143 10 36 21 94 84 116 106
0 24 20 18 16 18 17 24 21 20 16
24 0 24 18 18 15 21 22 19 23 23
20 24 0 18 21 19 22 25 21 15 18
18 18 18 0 16 20 23 17 19 24 17
16 18 21 16 0 17 25 18 24 25 21
18 15 19 20 17 0 19 15 24 20 20
17 21 22 23 25 19 0 18 25 24 15
24 22 25 17 18 15 18 0 18 23 16
21 19 21 19 24 24 25 18 0 22 19
20 23 15 24 25 20 24 23 22 0 15
16 23 18 17 21 20 15 16 19 15 0
