9
16
131 27 69 41 130 145 26 35 155 132 30 130 25 52 157 41
114 140 96 117 145 158 89 18 3 147 48 116 149 31 71 156
139 50 147 92 118 124 151 118 9 52 6 119 104 44 23 25
100 49 108 140 20 18 85 135 7 5 120 60 132 123 100 108
99 26 46 105 74 133 151 1 29 135 122 8 89 86 111 55
134 107 121 127 94 136 140 2 113 45 100 79 108 92 147 58
91 129 144 132 83 38 111 75 30 71 158 24 93 13 9 56
34 94 10 49 86 4 105 121 22 23 11 103 102 117 125 16
77 43 72 68 30 98 123 159 19 14 134 62 147 18 137 84
0 22 17 16 18 15 25 19 20 19 22
22 0 19 17 15 23 24 18 23 23 22
17 19 0 16 21 19 16 22 24 22 18
16 17 16 0 18 19 24 19 22 15 25
18 15 21 18 0 18 20 24 16 20 25
15 23 19 19 18 0 18 21 21 15 17
25 24 16 24 20 18 0 20 18 19 24
19 18 22 19 24 21 20 0 22 21 19
20 23 24 22 16 21 18 22 0 20 18
19 23 22 15 20 15 19 21 20 0 20
22 22 18 25 25 17 24 19 18 20 0
