9
14
64 81 143 115 99 9 159 14 97
0 17 20 21 23 17 20 17 23 15 18
17 0 25 25 18 15 18 20 20 25 25
20 25 0 24 17 17 19 18 21 23 20
21 25 24 0 21 23 23 19 15 23 21
23 18 17 21 0 16 22 23 18 21 23
17 15 17 23 16 0 24 21 23 16 19
20 18 19 23 22 24 0 24 22 16 22
17 20 18 19 23 21 24 0 20 17 25
23 20 21 15 18 23 22 20 0 22 19
15 25 23 23 21 16 16 17 22 0 18
18 25 20 21 23 19 22 25 19 18 0
