9
13
22 32 80 35 57 119 73 131 118
0 20 24 20 20 20 25 25 25 25 21
20 0 15 22 20 23 20 18 17 24 20
24 15 0 23 21 24 18 22 16 20 24
20 22 23 0 24 20 15 21 21 19 25
20 20 21 24 0 16 15 19 18 19 24
20 23 24 20 16 0 19 17 24 25 22
25 20 18 15 15 19 0 22 16 23 15
25 18 22 21 19 17 22 0 20 22 24
25 17 16 21 18 24 16 20 0 22 20
25 24 20 19 19 25 23 22 22 0 24
21 20 24 25 24 22 15 24 20 24 0
