9
16
13 37 11 1 7 30 16 35 16
0 21 20 19 20 20 24 18 20 22 20
21 0 17 20 24 25 20 16 24 17 19
20 17 0 17 15 19 25 18 24 17 25
19 20 17 0 15 17 20 24 20 25 23
20 24 15 15 0 18 22 17 24 18 15
20 25 19 17 18 0 17 21 15 23 21
24 20 25 20 22 17 0 21 15 20 22
18 16 18 24 17 21 21 0 20 19 16
20 24 24 20 24 15 15 20 0 16 20
22 17 17 25 18 23 20 19 16 0 23
20 19 25 23 15 21 22 16 20 23 0
