9
16
19 66 58 43 60 80 39 56 32 21 38 57 52 44 55 43
48 33 53 35 2 58 63 78 10 50 42 18 29 61 24 65
74 57 61 76 48 66 3 47 66 32 17 24 8 48 60 13
54 33 19 69 28 48 72 70 18 27 52 21 23 36 44 40
17 68 54 54 64 74 19 19 72 28 26 67 29 45 39 56
4 10 41 66 52 74 35 32 60 48 77 54 21 15 74 18
36 43 26 36 19 79 3 72 42 41 2 74 29 28 55 51
2 69 1 76 38 16 62 69 12 5 26 65 32 80 44 29
73 43 20 22 9 69 19 50 7 27 4 3 69 58 27 5
0 22 15 18 15 20 22 15 17 24 19
22 0 25 20 19 15 18 25 23 19 24
15 25 0 16 23 20 24 20 18 24 16
18 20 16 0 19 20 23 25 22 16 21
15 19 23 19 0 23 23 25 17 16 23
20 15 20 20 23 0 20 20 22 25 20
22 18 24 23 23 20 0 21 23 20 17
15 25 20 25 25 20 21 0 15 25 25
17 23 18 22 17 22 23 15 0 18 17
24 19 24 16 16 25 20 25 18 0 19
19 24 16 21 23 20 17 25 17 19 0
