9
16
89 70 121 113 134 137 70 146 132 32 70 4 52 32 119 61
136 31 72 41 117 134 113 121 135 145 109 94 66 115 45 64
88 54 9 131 85 156 78 26 45 79 28 131 74 158 20 40
119 118 64 136 151 6 122 13 12 129 97 144 77 129 60 43
153 57 20 129 131 78 77 143 120 84 96 150 28 39 30 160
8 84 119 96 90 111 150 52 107 155 98 113 60 147 25 67
110 16 100 106 89 137 84 113 100 100 92 81 22 158 66 151
72 79 91 42 145 53 132 73 127 80 144 79 117 51 28 154
12 119 127 160 154 15 36 132 58 32 86 76 24 112 98 83
0 24 18 17 20 24 25 23 15 17 20
24 0 18 19 19 21 17 21 15 25 17
18 18 0 15 20 22 23 23 19 23 24
17 19 15 0 15 16 20 21 16 21 25
20 19 20 15 0 23 25 18 16 17 15
24 21 22 16 23 0 23 24 15 20 16
25 17 23 20 25 23 0 15 16 18 18
23 21 23 21 18 24 15 0 18 23 25
15 15 19 16 16 15 16 18 0 15 23
17 25 23 21 17 20 18 23 15 0 17
20 17 24 25 15 16 18 25 23 17 0
