9
26
111 37 83 66 106 76 93 109 54 84 76 20 59 71 77 85 17 95 50 21 40 36 49 65 57 96
47 23 63 76 95 52 64 62 51 54 30 78 80 99 97 76 47 58 76 67 77 37 74 37 88 77
84 26 42 32 100 26 6 30 59 46 15 58 41 73 35 67 42 72 109 12 78 106 64 57 31 3
26 91 84 29 92 37 105 47 61 107 23 63 82 67 24 102 21 66 95 82 115 120 41 83 6 93
96 53 39 39 116 57 18 103 52 43 3 41 52 38 115 114 13 14 23 31 10 104 16 118 35 35
9 23 28 21 30 86 112 40 91 7 82 4 65 62 100 11 89 100 3 67 43 46 36 36 104 64
104 35 55 50 108 120 51 96 106 107 37 30 67 107 113 13 29 120 109 37 69 119 86 27 15 39
13 30 32 9 22 71 68 118 33 60 2 89 33 36 10 90 97 28 29 105 37 86 119 18 18 114
97 36 3 19 27 9 3 24 102 85 40 79 17 103 96 114 24 108 34 29 81 108 94 10 50 119
0 18 20 15 17 22 20 18 18 16 24
18 0 23 15 24 17 18 15 18 24 17
20 23 0 18 20 19 18 24 20 17 20
15 15 18 0 25 24 23 21 17 22 22
17 24 20 25 0 16 19 25 15 25 19
22 17 19 24 16 0 17 18 16 17 24
20 18 18 23 19 17 0 25 22 22 20
18 15 24 21 25 18 25 0 25 22 19
18 18 20 17 15 16 22 25 0 23 15
16 24 17 22 25 17 22 22 23 0 15
24 17 20 22 19 24 20 19 15 15 0
