9
10
16 25 44 142 116 123 148 20 139 19
132 99 87 114 120 100 151 91 148 51
76 68 144 45 131 158 46 96 113 74
38 148 73 5 159 9 28 4 112 48
92 21 41 37 75 1 100 30 66 80
133 149 110 17 9 37 54 141 29 17
64 22 125 117 34 98 108 160 29 40
95 126 29 95 126 22 50 46 120 160
81 115 81 104 148 54 63 135 30 55
0 19 22 18 19 19 23 19 21 20 15
19 0 18 22 25 15 18 16 23 18 16
22 18 0 21 25 15 20 19 15 19 18
18 22 21 0 23 24 24 16 16 16 23
19 25 25 23 0 21 23 18 17 24 21
19 15 15 24 21 0 20 16 24 16 23
23 18 20 24 23 20 0 18 24 18 17
19 16 19 16 18 16 18 0 18 20 23
21 23 15 16 17 24 24 18 0 21 22
20 18 19 16 24 16 18 20 21 0 20
15 16 18 23 21 23 17 23 22 20 0
