9
8
27 65 147 159 137 55 107 150 145
0 23 20 20 24 16 21 18 18 21 24
23 0 18 21 15 25 22 19 25 20 15
20 18 0 15 22 23 23 16 23 16 20
20 21 15 0 16 22 15 15 18 24 18
24 15 22 16 0 25 25 24 17 24 16
16 25 23 22 25 0 23 17 16 19 24
21 22 23 15 25 23 0 18 18 15 20
18 19 16 15 24 17 18 0 19 24 23
18 25 23 18 17 16 18 19 0 22 15
21 20 16 24 24 19 15 24 22 0 24
24 15 20 18 16 24 20 23 15 24 0
