9
11
16 40 10 30 36 9 3 33 17
0 17 15 17 15 18 24 20 20 23 15
17 0 21 17 19 20 19 22 20 21 20
15 21 0 24 21 24 19 16 21 24 16
17 17 24 0 18 16 23 21 18 15 25
15 19 21 18 0 16 23 24 17 22 15
18 20 24 16 16 0 22 22 18 19 15
24 19 19 23 23 22 0 15 16 22 16
20 22 16 21 24 22 15 0 22 20 21
20 20 21 18 17 18 16 22 0 20 21
23 21 24 15 22 19 22 20 20 0 24
15 20 16 25 15 15 16 21 21 24 0
