9
12
53 94 70 19 85 65 64 76 111 69 65 1
102 108 3 119 28 112 115 39 36 23 104 83
39 23 74 81 114 73 96 54 99 59 19 64
43 117 58 82 3 50 96 24 108 97 57 105
6 105 69 87 96 74 107 120 106 7 15 68
14 12 103 51 81 47 26 111 46 50 4 43
98 42 75 66 35 120 82 72 17 79 13 1
105 89 100 115 30 65 30 100 116 84 96 18
4 85 11 35 107 65 23 48 23 102 103 29
0 18 24 22 21 24 22 23 15 23 18
18 0 25 24 17 24 18 24 22 19 23
24 25 0 18 20 20 18 17 17 19 15
22 24 18 0 20 19 24 16 15 22 15
21 17 20 20 0 17 16 23 19 25 22
24 24 20 19 17 0 22 19 17 19 21
22 18 18 24 16 22 0 24 18 17 19
23 24 17 16 23 19 24 0 19 20 15
15 22 17 15 19 17 18 19 0 20 20
23 19 19 22 25 19 17 20 20 0 16
18 23 15 15 22 21 19 15 20 16 0
