9
7
67 31 68 54 35 13 19 59 14
0 17 23 17 19 16 15 22 16 22 25
17 0 15 20 17 23 21 20 16 16 20
23 15 0 20 25 20 22 16 15 17 24
17 20 20 0 18 17 22 22 22 17 17
19 17 25 18 0 22 16 17 15 18 19
16 23 20 17 22 0 21 19 21 15 16
15 21 22 22 16 21 0 18 21 18 21
22 20 16 22 17 19 18 0 22 17 25
16 16 15 22 15 21 21 22 0 20 23
22 16 17 17 18 15 18 17 20 0 25
25 20 24 17 19 16 21 25 23 25 0
