9
6
71 103 86 60 110 16
86 112 77 35 55 77
68 83 23 42 16 36
53 76 108 50 10 35
23 88 5 89 70 66
41 106 38 83 34 85
4 60 97 53 79 89
80 57 8 115 27 64
104 120 66 94 11 53
0 20 19 18 25 21 24 22 18 24 25
20 0 24 16 23 21 22 23 23 20 19
19 24 0 20 17 24 22 20 25 24 15
18 16 20 0 15 16 17 17 23 20 25
25 23 17 15 0 16 23 22 24 23 25
21 21 24 16 16 0 17 17 18 19 18
24 22 22 17 23 17 0 18 22 18 19
22 23 20 17 22 17 18 0 18 19 25
18 23 25 23 24 18 22 18 0 15 18
24 20 24 20 23 19 18 19 15 0 17
25 19 15 25 25 18 19 25 18 17 0
