9
20
6 115 24 30 48 28 78 70 80 22 48 30 76 116 76 8 110 15 22 8
9 76 17 119 9 115 91 112 64 115 23 31 74 65 47 67 57 26 76 33
28 16 73 74 79 30 35 34 96 50 24 107 41 62 42 44 61 77 79 11
106 46 59 58 76 10 113 57 21 113 49 108 110 20 97 94 13 93 19 92
35 83 80 119 32 32 34 90 31 74 5 70 95 64 82 12 44 6 105 44
62 50 89 69 44 28 69 28 54 82 30 80 106 101 2 22 90 19 2 45
98 75 33 12 1 96 117 104 100 61 25 15 30 53 92 12 35 118 1 38
91 13 24 101 37 72 115 66 113 62 38 109 4 29 110 8 86 12 27 69
25 100 17 57 71 60 112 74 81 98 114 12 90 103 92 53 77 81 49 87
0 17 17 20 20 24 18 21 17 16 16
17 0 23 20 23 21 20 25 23 23 16
17 23 0 16 25 24 19 16 17 21 22
20 20 16 0 18 24 18 19 18 20 19
20 23 25 18 0 18 20 20 24 23 15
24 21 24 24 18 0 18 20 19 21 22
18 20 19 18 20 18 0 16 23 21 18
21 25 16 19 20 20 16 0 19 23 17
17 23 17 18 24 19 23 19 0 18 16
16 23 21 20 23 21 21 23 18 0 21
16 16 22 19 15 22 18 17 16 21 0
