9
9
106 61 4 82 118 37 18 50 17
0 24 20 21 22 22 17 18 20 24 24
24 0 21 24 20 25 18 24 21 21 21
20 21 0 25 17 17 24 18 20 25 23
21 24 25 0 20 15 24 21 25 22 21
22 20 17 20 0 21 24 16 18 18 18
22 25 17 15 21 0 19 15 23 24 15
17 18 24 24 24 19 0 20 20 18 17
18 24 18 21 16 15 20 0 21 19 20
20 21 20 25 18 23 20 21 0 17 17
24 21 25 22 18 24 18 19 17 0 18
24 21 23 21 18 15 17 20 17 18 0
