9
6
4 23 117 142 15 89 149 61 142
0 19 21 17 20 24 17 23 23 20 22
19 0 20 21 17 22 22 16 25 19 24
21 20 0 23 25 18 23 18 23 17 16
17 21 23 0 21 22 22 21 16 15 16
20 17 25 21 0 20 21 19 21 20 24
24 22 18 22 20 0 16 17 17 19 24
17 22 23 22 21 16 0 24 22 18 20
23 16 18 21 19 17 24 0 18 18 20
23 25 23 16 21 17 22 18 0 18 18
20 19 17 15 20 19 18 18 18 0 15
22 24 16 16 24 24 20 20 18 15 0
