9
5
35 29 15 15 19 10 28 13 30
0 25 25 23 25 25 25 15 15 21 20
25 0 22 20 20 21 22 21 25 23 23
25 22 0 19 18 15 22 20 24 17 16
23 20 19 0 16 23 15 25 21 25 25
25 20 18 16 0 21 15 17 16 15 23
25 21 15 23 21 0 16 17 21 18 23
25 22 22 15 15 16 0 22 19 22 22
15 21 20 25 17 17 22 0 23 20 21
15 25 24 21 16 21 19 23 0 24 20
21 23 17 25 15 18 22 20 24 0 17
20 23 16 25 23 23 22 21 20 17 0
