9
11
46 42 32 55 31 93 28 99 83
0 20 21 21 25 23 20 19 19 24 16
20 0 24 22 20 17 25 22 15 17 23
21 24 0 25 22 23 15 23 21 22 18
21 22 25 0 24 19 21 24 17 22 20
25 20 22 24 0 16 22 16 16 20 21
23 17 23 19 16 0 15 21 22 16 19
20 25 15 21 22 15 0 20 21 18 23
19 22 23 24 16 21 20 0 17 17 17
19 15 21 17 16 22 21 17 0 21 25
24 17 22 22 20 16 18 17 21 0 16
16 23 18 20 21 19 23 17 25 16 0
