9
4
70 3 40 43
60 42 17 65
6 46 49 48
26 10 74 20
68 76 50 27
75 14 17 44
43 73 41 29
57 72 25 48
41 29 9 39
0 23 18 23 22 22 24 18 23 24 17
23 0 21 16 19 21 19 16 24 22 17
18 21 0 19 21 15 23 19 16 20 22
23 16 19 0 20 22 19 20 21 25 20
22 19 21 20 0 18 15 16 19 22 22
22 21 15 22 18 0 15 20 19 19 19
24 19 23 19 15 15 0 18 15 23 22
18 16 19 20 16 20 18 0 19 22 17
23 24 16 21 19 19 15 19 0 16 24
24 22 20 25 22 19 23 22 16 0 24
17 17 22 20 22 19 22 17 24 24 0
