9
4
24 19 26 1 37 1 24 26 7
0 23 23 20 23 25 25 17 19 21 19
23 0 17 20 24 20 15 20 20 22 18
23 17 0 15 22 19 24 18 23 20 20
20 20 15 0 16 16 18 20 17 15 16
23 24 22 16 0 20 21 18 15 20 23
25 20 19 16 20 0 25 22 15 18 15
25 15 24 18 21 25 0 23 17 22 19
17 20 18 20 18 22 23 0 24 24 24
19 20 23 17 15 15 17 24 0 23 18
21 22 20 15 20 18 22 24 23 0 17
19 18 20 16 23 15 19 24 18 17 0
