9
5
30 70 68 42 78 16 6 14 48
0 15 18 21 20 19 16 18 16 22 20
15 0 25 21 22 23 19 21 22 17 20
18 25 0 24 23 18 21 17 19 16 25
21 21 24 0 15 16 25 22 20 18 22
20 22 23 15 0 17 19 23 22 18 24
19 23 18 16 17 0 16 23 17 19 23
16 19 21 25 19 16 0 16 19 22 20
18 21 17 22 23 23 16 0 15 19 16
16 22 19 20 22 17 19 15 0 25 15
22 17 16 18 18 19 22 19 25 0 20
20 20 25 22 24 23 20 16 15 20 0
