9
4
113 80 113 55 27 86 79 48 34
0 19 23 23 20 20 17 17 22 18 16
19 0 25 19 19 20 21 22 22 19 23
23 25 0 17 23 16 23 15 18 20 19
23 19 17 0 22 19 16 15 24 18 20
20 19 23 22 0 16 22 24 22 22 17
20 20 16 19 16 0 24 25 18 23 16
17 21 23 16 22 24 0 24 21 20 25
17 22 15 15 24 25 24 0 20 16 15
22 22 18 24 22 18 21 20 0 22 21
18 19 20 18 22 23 20 16 22 0 22
16 23 19 20 17 16 25 15 21 22 0
