9
22
34 116 112 57 16 59 21 23 98 3 100 46 63 64 54 53 109 64 101 93 73 93
87 31 32 111 77 75 25 13 88 112 33 43 67 7 54 7 30 38 84 53 5 110
58 106 62 19 82 81 104 12 16 27 74 52 21 72 73 120 44 59 57 19 63 36
70 43 5 7 78 85 25 30 15 9 64 40 33 86 63 2 45 40 119 2 97 20
6 14 46 120 106 33 8 63 11 75 53 70 20 73 94 120 54 17 15 119 61 52
80 109 47 12 104 25 28 87 81 61 98 43 89 49 57 90 59 107 110 108 6 7
11 36 58 104 4 8 70 106 71 112 77 2 72 10 72 91 30 90 75 40 70 42
76 116 2 11 65 91 53 74 49 26 45 59 79 13 21 74 100 94 114 15 79 30
98 87 20 83 95 80 13 62 94 101 14 50 43 87 31 77 92 86 100 98 38 99
0 23 25 25 25 20 21 15 17 21 24
23 0 21 18 18 25 21 20 16 22 25
25 21 0 20 23 23 24 18 22 15 24
25 18 20 0 22 20 20 25 23 19 21
25 18 23 22 0 25 25 22 23 24 19
20 25 23 20 25 0 22 22 22 15 19
21 21 24 20 25 22 0 22 20 25 20
15 20 18 25 22 22 22 0 20 15 20
17 16 22 23 23 22 20 20 0 25 22
21 22 15 19 24 15 25 15 25 0 17
24 25 24 21 19 19 20 20 22 17 0
