9
4
24 19 40 39 17 2 7 9 2
0 18 15 21 20 20 25 21 24 24 19
18 0 15 15 19 16 18 25 23 21 16
15 15 0 15 15 23 25 22 23 23 17
21 15 15 0 17 20 21 20 17 15 18
20 19 15 17 0 16 25 19 21 18 19
20 16 23 20 16 0 20 19 19 20 23
25 18 25 21 25 20 0 20 16 16 19
21 25 22 20 19 19 20 0 24 18 24
24 23 23 17 21 19 16 24 0 20 20
24 21 23 15 18 20 16 18 20 0 24
19 16 17 18 19 23 19 24 20 24 0
