9
12
84 51 17 92 104 106 87 88 30
0 17 23 22 15 21 23 21 18 15 15
17 0 19 20 18 20 19 24 20 15 19
23 19 0 25 16 15 22 22 17 15 18
22 20 25 0 23 20 23 19 19 21 23
15 18 16 23 0 24 16 21 17 21 17
21 20 15 20 24 0 22 23 20 17 24
23 19 22 23 16 22 0 25 18 17 19
21 24 22 19 21 23 25 0 24 15 24
18 20 17 19 17 20 18 24 0 17 22
15 15 15 21 21 17 17 15 17 0 16
15 19 18 23 17 24 19 24 22 16 0
