9
8
19 127 53 10 65 118 130 84 113
0 21 17 18 22 16 16 18 20 19 25
21 0 22 17 18 19 16 16 20 17 23
17 22 0 23 20 15 17 25 22 16 17
18 17 23 0 18 23 20 19 25 22 20
22 18 20 18 0 17 17 25 20 23 20
16 19 15 23 17 0 19 23 23 15 19
16 16 17 20 17 19 0 18 24 15 22
18 16 25 19 25 23 18 0 23 20 15
20 20 22 25 20 23 24 23 0 18 19
19 17 16 22 23 15 15 20 18 0 22
25 23 17 20 20 19 22 15 19 22 0
