9
4
43 63 39 37
8 65 4 23
45 32 3 26
4 43 34 56
4 6 42 65
68 52 39 44
46 19 77 33
38 39 78 68
23 39 50 27
0 17 18 17 17 16 20 24 15 24 18
17 0 19 24 20 25 15 20 25 25 15
18 19 0 24 15 19 25 20 24 22 25
17 24 24 0 19 21 23 15 25 20 16
17 20 15 19 0 25 25 17 23 24 16
16 25 19 21 25 0 18 18 18 18 17
20 15 25 23 25 18 0 24 24 24 23
24 20 20 15 17 18 24 0 19 20 15
15 25 24 25 23 18 24 19 0 20 19
24 25 22 20 24 18 24 20 20 0 18
18 15 25 16 16 17 23 15 19 18 0
