9
20
86 53 43 70 87 86 16 85 55 17 96 44 109 88 47 33 9 120 101 70
114 31 6 58 95 13 23 16 74 112 45 113 86 6 68 89 4 88 109 93
71 94 22 80 19 47 97 36 77 34 87 26 6 32 39 68 22 64 90 102
64 117 8 12 18 98 107 117 48 16 39 88 95 22 48 101 47 54 79 27
24 18 80 30 30 120 76 43 11 13 92 41 30 21 58 109 7 37 19 11
49 88 90 103 29 81 22 23 64 42 118 35 85 23 52 64 40 109 76 16
94 97 69 2 6 117 39 109 33 18 87 68 103 108 71 31 109 32 64 91
43 95 54 95 96 106 5 55 19 101 82 118 42 96 101 112 37 27 66 15
97 68 40 68 108 72 93 36 88 32 95 82 46 51 56 41 43 73 99 56
0 16 25 25 15 22 17 18 25 22 15
16 0 16 23 20 25 21 25 23 18 16
25 16 0 24 24 18 15 18 21 15 21
25 23 24 0 20 24 20 20 21 18 23
15 20 24 20 0 20 18 18 25 25 21
22 25 18 24 20 0 18 24 24 18 25
17 21 15 20 18 18 0 20 21 19 22
18 25 18 20 18 24 20 0 23 17 16
25 23 21 21 25 24 21 23 0 15 21
22 18 15 18 25 18 19 17 15 0 16
15 16 21 23 21 25 22 16 21 16 0
