9
18
95 37 57 154 30 140 16 1 79 51 146 101 81 33 134 9 36 97
114 71 113 47 45 17 146 134 115 125 123 15 121 12 29 142 142 67
22 109 150 62 131 86 25 105 40 11 128 44 26 113 25 69 62 11
94 15 118 154 79 111 95 58 93 138 46 144 76 122 125 130 150 38
57 127 6 124 86 40 89 83 58 97 94 154 147 97 27 131 38 83
149 28 6 29 58 135 16 48 122 9 129 80 92 142 126 3 130 65
101 108 84 61 13 11 115 138 121 114 55 80 39 100 47 142 36 74
160 39 73 15 130 100 19 150 92 155 140 134 91 117 96 41 97 8
5 7 61 89 7 59 33 42 58 29 141 17 7 64 92 38 19 154
0 17 15 18 21 15 21 24 16 15 24
17 0 17 19 20 22 17 18 17 23 21
15 17 0 17 24 23 23 24 20 18 20
18 19 17 0 16 21 16 15 23 20 18
21 20 24 16 0 18 19 25 17 23 21
15 22 23 21 18 0 21 21 17 25 18
21 17 23 16 19 21 0 24 23 21 16
24 18 24 15 25 21 24 0 22 25 20
16 17 20 23 17 17 23 22 0 19 25
15 23 18 20 23 25 21 25 19 0 22
24 21 20 18 21 18 16 20 25 22 0
