9
8
38 38 31 5 12 16 26 17 11
0 18 19 18 20 21 23 19 20 18 21
18 0 15 23 19 17 23 20 22 19 16
19 15 0 18 21 17 21 24 20 19 19
18 23 18 0 22 22 19 19 20 25 18
20 19 21 22 0 16 16 23 17 17 23
21 17 17 22 16 0 15 20 17 19 23
23 23 21 19 16 15 0 25 16 22 21
19 20 24 19 23 20 25 0 17 17 21
20 22 20 20 17 17 16 17 0 21 15
18 19 19 25 17 19 22 17 21 0 23
21 16 19 18 23 23 21 21 15 23 0
