9
15
12 28 16 4 13 2 15 20 10
0 20 18 15 25 16 24 21 21 18 19
20 0 22 21 20 19 25 15 16 17 15
18 22 0 17 25 22 15 23 17 20 23
15 21 17 0 18 16 24 24 16 21 15
25 20 25 18 0 17 15 23 24 22 20
16 19 22 16 17 0 15 15 15 20 21
24 25 15 24 15 15 0 24 18 21 19
21 15 23 24 23 15 24 0 19 20 17
21 16 17 16 24 15 18 19 0 19 23
18 17 20 21 22 20 21 20 19 0 20
19 15 23 15 20 21 19 17 23 20 0
