9
8
30 23 38 34 34 3 26 27
18 31 8 18 38 29 8 39
20 31 6 6 13 20 35 10
22 14 20 40 38 16 4 5
7 40 20 3 15 34 6 24
19 40 35 31 28 5 21 22
29 26 9 22 2 35 9 18
32 35 37 2 31 7 37 5
36 5 21 31 4 11 27 34
0 16 23 17 15 22 20 20 20 22 25
16 0 23 23 17 16 24 21 16 20 15
23 23 0 15 19 18 20 18 18 25 25
17 23 15 0 20 23 23 25 21 16 18
15 17 19 20 0 15 18 24 23 16 21
22 16 18 23 15 0 23 19 19 22 21
20 24 20 23 18 23 0 18 20 16 24
20 21 18 25 24 19 18 0 17 21 24
20 16 18 21 23 19 20 17 0 20 15
22 20 25 16 16 22 16 21 20 0 22
25 15 25 18 21 21 24 24 15 22 0
