9
12
58 9 10 31 21 24 59 17 58 28 38 69
3 80 62 26 21 26 42 2 56 69 58 47
79 34 37 47 36 77 41 24 57 8 23 33
59 33 79 7 30 15 50 5 52 28 57 59
68 30 57 2 32 51 37 70 50 40 70 42
12 44 30 2 42 22 52 47 63 17 76 30
38 32 59 12 31 29 39 66 1 55 51 47
32 71 28 59 38 23 39 51 23 11 55 12
13 37 40 4 25 64 66 3 9 67 69 40
0 18 25 19 22 24 22 18 23 21 19
18 0 23 25 25 15 18 22 22 22 20
25 23 0 19 18 17 21 20 18 15 25
19 25 19 0 24 22 20 22 24 24 19
22 25 18 24 0 16 19 17 22 19 15
24 15 17 22 16 0 25 20 25 21 25
22 18 21 20 19 25 0 17 18 20 23
18 22 20 22 17 20 17 0 15 19 17
23 22 18 24 22 25 18 15 0 22 23
21 22 15 24 19 21 20 19 22 0 16
19 20 25 19 15 25 23 17 23 16 0
