9
4
26 18 40 1 30 19 17 4 20
0 22 20 19 25 24 24 24 17 18 24
22 0 15 18 23 24 21 20 15 15 17
20 15 0 21 21 20 15 24 20 18 22
19 18 21 0 16 18 17 21 20 17 19
25 23 21 16 0 22 22 20 15 25 23
24 24 20 18 22 0 21 25 16 24 24
24 21 15 17 22 21 0 18 17 21 20
24 20 24 21 20 25 18 0 20 23 18
17 15 20 20 15 16 17 20 0 24 20
18 15 18 17 25 24 21 23 24 0 18
24 17 22 19 23 24 20 18 20 18 0
