9
8
69 68 21 5 80 17 44 45
60 21 8 53 17 29 70 37
71 29 49 70 44 18 61 73
72 54 68 39 61 64 7 1
20 16 13 20 62 46 69 68
23 17 49 33 77 68 71 53
35 67 50 32 58 75 59 22
33 69 9 69 42 37 12 50
12 39 11 70 76 59 68 14
0 17 21 21 25 17 15 24 24 23 20
17 0 21 20 21 25 24 18 16 18 17
21 21 0 16 22 20 20 22 17 18 20
21 20 16 0 18 15 19 24 21 19 19
25 21 22 18 0 20 19 21 15 20 18
17 25 20 15 20 0 25 17 22 15 15
15 24 20 19 19 25 0 21 23 16 19
24 18 22 24 21 17 21 0 17 20 15
24 16 17 21 15 22 23 17 0 19 21
23 18 18 19 20 15 16 20 19 0 22
20 17 20 19 18 15 19 15 21 22 0
