9
5
63 46 119 81 11 32 95 61 119
0 25 19 25 23 16 23 23 17 21 21
25 0 18 19 20 22 23 21 15 16 21
19 18 0 25 21 24 22 16 16 18 15
25 19 25 0 21 23 21 15 20 16 23
23 20 21 21 0 25 17 19 20 19 23
16 22 24 23 25 0 19 20 15 20 25
23 23 22 21 17 19 0 22 21 18 24
23 21 16 15 19 20 22 0 18 18 20
17 15 16 20 20 15 21 18 0 18 17
21 16 18 16 19 20 18 18 18 0 18
21 21 15 23 23 25 24 20 17 18 0
