9
12
109 46 38 32 56 35 75 37 57 79 88 67
25 49 65 100 49 85 80 95 82 108 53 65
51 85 81 59 63 113 66 25 78 34 72 29
89 62 107 85 91 31 101 46 4 103 65 75
104 23 41 60 90 74 75 3 54 87 120 22
58 70 7 115 52 104 115 76 51 28 47 105
88 40 81 31 30 118 103 6 41 114 58 116
112 93 94 114 116 86 44 20 58 53 28 120
40 113 27 67 3 41 12 56 45 51 76 10
0 15 20 20 19 21 25 24 23 25 24
15 0 25 16 22 15 16 15 16 21 17
20 25 0 24 24 21 19 24 19 21 21
20 16 24 0 25 22 24 22 23 19 21
19 22 24 25 0 20 17 20 21 21 21
21 15 21 22 20 0 18 24 23 24 25
25 16 19 24 17 18 0 23 18 17 19
24 15 24 22 20 24 23 0 16 20 21
23 16 19 23 21 23 18 16 0 25 16
25 21 21 19 21 24 17 20 25 0 20
24 17 21 21 21 25 19 21 16 20 0
