9
8
75 24 43 78 7 39 30 15 63
0 25 15 15 16 20 23 15 18 15 17
25 0 15 17 17 25 25 19 15 20 23
15 15 0 22 22 21 16 19 16 15 20
15 17 22 0 21 16 25 22 16 21 23
16 17 22 21 0 21 15 19 17 21 20
20 25 21 16 21 0 21 19 16 17 21
23 25 16 25 15 21 0 16 19 24 17
15 19 19 22 19 19 16 0 19 24 20
18 15 16 16 17 16 19 19 0 17 19
15 20 15 21 21 17 24 24 17 0 19
17 23 20 23 20 21 17 20 19 19 0
