9
5
74 68 63 105 49 30 77 46 63
0 23 20 21 19 25 24 24 25 16 23
23 0 16 18 24 16 21 20 17 24 20
20 16 0 17 23 21 25 16 19 21 15
21 18 17 0 21 21 17 24 17 17 25
19 24 23 21 0 24 21 20 18 17 25
25 16 21 21 24 0 16 22 17 15 20
24 21 25 17 21 16 0 23 24 23 19
24 20 16 24 20 22 23 0 17 19 20
25 17 19 17 18 17 24 17 0 21 17
16 24 21 17 17 15 23 19 21 0 21
23 20 15 25 25 20 19 20 17 21 0
