9
26
1 30 49 72 51 78 24 10 39 72 18 17 74 74 47 6 79 68 7 58 62 61 5 16 80 76
58 31 75 28 62 71 12 28 13 6 27 42 16 54 71 80 49 14 80 68 14 7 30 11 23 63
3 13 12 47 41 77 60 80 33 71 18 70 13 66 71 65 56 48 53 19 77 55 71 55 48 73
66 29 29 34 30 27 48 6 55 41 42 3 61 34 31 19 9 78 61 69 55 77 79 51 30 34
72 26 54 75 39 42 12 32 57 66 51 57 72 60 34 70 10 3 25 16 13 3 52 47 59 74
18 46 47 5 16 73 51 34 69 27 49 29 36 5 38 25 45 66 21 38 7 68 74 74 25 77
28 51 68 62 53 63 27 55 74 30 68 39 79 41 65 67 21 42 65 66 51 77 45 57 9 79
55 39 15 42 51 71 69 48 36 35 41 75 34 1 43 61 29 30 13 34 69 38 45 30 72 70
13 18 74 11 20 4 12 65 63 30 62 2 55 18 65 17 80 9 78 28 16 33 32 31 41 49
0 18 23 24 18 16 15 20 18 15 17
18 0 22 15 19 20 15 21 18 20 23
23 22 0 18 16 23 17 17 17 22 19
24 15 18 0 16 19 19 22 25 20 21
18 19 16 16 0 16 15 17 16 16 17
16 20 23 19 16 0 18 20 22 17 23
15 15 17 19 15 18 0 17 15 24 20
20 21 17 22 17 20 17 0 25 23 17
18 18 17 25 16 22 15 25 0 15 19
15 20 22 20 16 17 24 23 15 0 25
17 23 19 21 17 23 20 17 19 25 0
