9
4
72 116 139 87 137 146 90 106 117
0 16 17 20 25 19 24 25 19 25 15
16 0 20 22 18 18 24 16 21 15 20
17 20 0 23 21 22 17 24 19 21 23
20 22 23 0 18 15 17 21 20 18 21
25 18 21 18 0 22 20 18 17 19 16
19 18 22 15 22 0 21 17 19 24 18
24 24 17 17 20 21 0 24 16 15 15
25 16 24 21 18 17 24 0 22 23 23
19 21 19 20 17 19 16 22 0 20 23
25 15 21 18 19 24 15 23 20 0 17
15 20 23 21 16 18 15 23 23 17 0
