9
16
77 25 34 32 57 59 21 6 57 65 60 8 78 51 19 74
51 8 48 59 40 63 24 57 32 25 25 12 72 50 41 72
70 12 40 69 23 72 23 1 57 14 41 28 48 60 60 43
56 44 41 10 26 54 75 1 47 15 33 11 13 24 8 80
7 64 34 20 25 43 60 6 80 70 44 27 61 60 57 8
36 70 53 22 68 64 40 59 4 3 61 15 75 16 54 76
35 52 55 22 3 3 43 2 1 18 17 54 36 13 31 7
13 61 36 26 53 74 6 48 9 51 18 37 23 43 17 18
3 55 16 74 33 42 71 76 18 19 61 42 28 35 6 38
0 16 25 16 21 24 21 22 22 16 18
16 0 23 25 17 16 20 18 18 20 17
25 23 0 19 20 16 22 15 24 21 17
16 25 19 0 25 17 21 21 18 24 18
21 17 20 25 0 17 15 23 24 24 18
24 16 16 17 17 0 22 23 20 22 18
21 20 22 21 15 22 0 22 20 17 22
22 18 15 21 23 23 22 0 24 18 21
22 18 24 18 24 20 20 24 0 18 19
16 20 21 24 24 22 17 18 18 0 19
18 17 17 18 18 18 22 21 19 19 0
