9
10
129 40 61 89 135 136 114 127 19
0 15 15 16 16 20 25 19 20 20 17
15 0 22 17 20 15 25 16 24 22 17
15 22 0 15 23 15 23 25 15 21 16
16 17 15 0 24 23 20 17 22 25 17
16 20 23 24 0 23 15 18 24 25 24
20 15 15 23 23 0 23 19 17 22 22
25 25 23 20 15 23 0 23 22 16 15
19 16 25 17 18 19 23 0 20 17 23
20 24 15 22 24 17 22 20 0 16 20
20 22 21 25 25 22 16 17 16 0 21
17 17 16 17 24 22 15 23 20 21 0
