9
10
15 66 32 13 14 41 68 51 62
0 24 15 21 22 20 17 19 17 25 15
24 0 21 20 24 20 16 23 18 18 15
15 21 0 23 20 22 15 23 23 22 23
21 20 23 0 22 25 23 15 22 22 15
22 24 20 22 0 18 18 20 18 18 18
20 20 22 25 18 0 24 23 16 18 24
17 16 15 23 18 24 0 20 23 23 25
19 23 23 15 20 23 20 0 23 22 23
17 18 23 22 18 16 23 23 0 16 17
25 18 22 22 18 18 23 22 16 0 17
15 15 23 15 18 24 25 23 17 17 0
