9
5
31 29 23 3 28 36 16 13 22
0 19 17 15 17 22 19 23 18 16 22
19 0 19 20 24 18 20 18 25 23 15
17 19 0 17 25 16 25 22 24 22 16
15 20 17 0 18 24 24 23 16 22 22
17 24 25 18 0 25 25 16 20 21 25
22 18 16 24 25 0 20 23 23 17 19
19 20 25 24 25 20 0 22 25 23 20
23 18 22 23 16 23 22 0 16 16 25
18 25 24 16 20 23 25 16 0 15 15
16 23 22 22 21 17 23 16 15 0 20
22 15 16 22 25 19 20 25 15 20 0
