9
6
27 114 78 88 120 62 65 27 53
0 21 16 19 25 24 23 18 21 17 23
21 0 21 20 18 17 24 20 15 20 17
16 21 0 24 16 24 16 24 25 16 15
19 20 24 0 22 21 17 16 19 15 22
25 18 16 22 0 20 19 20 19 15 15
24 17 24 21 20 0 19 21 18 15 21
23 24 16 17 19 19 0 16 16 23 22
18 20 24 16 20 21 16 0 16 21 20
21 15 25 19 19 18 16 16 0 23 24
17 20 16 15 15 15 23 21 23 0 22
23 17 15 22 15 21 22 20 24 22 0
