9
11
38 18 30 10 19 4 7 40 19
0 16 15 20 23 24 17 21 19 22 23
16 0 22 15 18 16 24 18 16 20 19
15 22 0 20 16 22 25 18 19 24 22
20 15 20 0 19 18 15 15 15 25 21
23 18 16 19 0 21 18 21 22 21 22
24 16 22 18 21 0 15 19 21 20 19
17 24 25 15 18 15 0 17 22 17 23
21 18 18 15 21 19 17 0 23 24 24
19 16 19 15 22 21 22 23 0 20 20
22 20 24 25 21 20 17 24 20 0 19
23 19 22 21 22 19 23 24 20 19 0
