9
12
150 45 41 9 50 122 144 103 142
0 20 15 25 20 25 23 22 19 17 24
20 0 16 25 17 16 24 24 25 15 21
15 16 0 19 15 25 18 18 20 17 24
25 25 19 0 19 20 25 18 25 25 23
20 17 15 19 0 25 23 20 19 22 23
25 16 25 20 25 0 18 17 17 16 24
23 24 18 25 23 18 0 21 16 18 22
22 24 18 18 20 17 21 0 21 25 24
19 25 20 25 19 17 16 21 0 16 21
17 15 17 25 22 16 18 25 16 0 17
24 21 24 23 23 24 22 24 21 17 0
