9
7
65 61 114 153 45 88 83 53 98
0 25 23 15 16 25 21 15 21 18 20
25 0 25 20 16 20 22 24 24 23 23
23 25 0 16 22 24 25 17 24 25 15
15 20 16 0 15 18 16 19 18 20 17
16 16 22 15 0 20 16 22 17 24 15
25 20 24 18 20 0 18 19 15 16 25
21 22 25 16 16 18 0 23 20 22 23
15 24 17 19 22 19 23 0 19 20 25
21 24 24 18 17 15 20 19 0 23 25
18 23 25 20 24 16 22 20 23 0 20
20 23 15 17 15 25 23 25 25 20 0
