9
8
27 12 21 7 21 16 26 9 4
0 23 17 19 20 24 20 15 22 24 20
23 0 24 19 21 17 18 16 24 21 15
17 24 0 23 16 23 23 24 21 23 22
19 19 23 0 24 23 16 25 19 23 20
20 21 16 24 0 25 23 19 15 23 15
24 17 23 23 25 0 16 21 24 18 17
20 18 23 16 23 16 0 20 24 16 19
15 16 24 25 19 21 20 0 18 20 21
22 24 21 19 15 24 24 18 0 22 23
24 21 23 23 23 18 16 20 22 0 23
20 15 22 20 15 17 19 21 23 23 0
