9
7
14 30 15 17 5 4 38 5 17
0 19 20 20 21 17 20 19 22 19 25
19 0 15 23 18 17 23 16 23 15 24
20 15 0 20 23 16 20 22 17 18 15
20 23 20 0 25 17 25 15 25 16 25
21 18 23 25 0 24 21 19 16 24 17
17 17 16 17 24 0 17 19 22 18 23
20 23 20 25 21 17 0 22 18 22 17
19 16 22 15 19 19 22 0 24 23 22
22 23 17 25 16 22 18 24 0 20 23
19 15 18 16 24 18 22 23 20 0 15
25 24 15 25 17 23 17 22 23 15 0
