9
7
76 38 39 13 36 57 2 39 2
0 23 16 17 17 20 21 25 21 23 16
23 0 15 20 23 16 20 21 17 19 21
16 15 0 21 22 20 24 20 23 18 22
17 20 21 0 19 19 23 25 18 23 19
17 23 22 19 0 21 15 18 18 20 25
20 16 20 19 21 0 21 17 23 22 23
21 20 24 23 15 21 0 24 20 16 15
25 21 20 25 18 17 24 0 19 25 19
21 17 23 18 18 23 20 19 0 25 18
23 19 18 23 20 22 16 25 25 0 25
16 21 22 19 25 23 15 19 18 25 0
