9
14
28 32 21 8 2 17 32 8 31 22 4 36 37 13
28 17 29 28 2 34 4 31 37 36 21 38 13 20
27 13 17 13 29 15 26 3 24 23 7 31 32 31
8 27 14 24 11 18 2 19 29 6 4 18 29 32
27 18 40 20 17 22 26 5 6 1 34 3 40 1
15 6 22 26 29 5 24 38 28 35 8 30 7 22
20 9 37 36 12 5 35 28 16 15 33 12 10 2
20 18 3 6 40 16 34 29 20 39 23 13 1 11
37 20 25 22 29 32 28 36 32 34 15 2 30 37
0 16 21 25 22 24 17 18 19 15 17
16 0 16 20 17 24 19 16 18 16 15
21 16 0 15 22 24 25 18 20 16 15
25 20 15 0 20 15 21 22 18 17 22
22 17 22 20 0 18 18 19 18 22 16
24 24 24 15 18 0 18 18 24 21 23
17 19 25 21 18 18 0 19 17 21 23
18 16 18 22 19 18 19 0 20 17 20
19 18 20 18 18 24 17 20 0 15 21
15 16 16 17 22 21 21 17 15 0 21
17 15 15 22 16 23 23 20 21 21 0
