9
20
4 40 15 12 17 33 5 34 40 2 35 34 12 5 1 9 22 38 8 17
34 20 29 3 7 27 36 19 1 13 16 15 5 33 2 39 7 10 40 3
33 16 31 19 8 14 14 32 25 17 32 35 19 39 38 35 29 12 11 25
31 19 7 8 19 40 37 33 11 16 19 40 31 10 7 19 5 2 5 4
16 15 21 17 38 16 18 28 8 2 40 28 14 16 17 28 24 30 27 19
25 37 22 20 8 37 29 28 18 18 14 1 24 12 16 14 37 11 29 34
2 40 37 6 12 12 35 37 18 39 10 3 29 33 2 3 18 31 17 2
2 18 23 38 4 25 32 18 38 5 4 25 4 7 5 32 1 1 26 25
35 14 5 18 14 1 2 28 19 15 25 20 5 15 19 1 15 9 8 36
0 20 25 17 21 20 18 17 23 23 17
20 0 15 17 18 24 18 17 16 22 25
25 15 0 15 17 25 20 25 24 19 17
17 17 15 0 16 17 22 18 16 24 20
21 18 17 16 0 19 22 24 16 25 18
20 24 25 17 19 0 24 21 22 20 25
18 18 20 22 22 24 0 19 15 17 25
17 17 25 18 24 21 19 0 25 18 22
23 16 24 16 16 22 15 25 0 20 15
23 22 19 24 25 20 17 18 20 0 21
17 25 17 20 18 25 25 22 15 21 0
