9
8
20 2 28 22 73 77 64 46 9
0 17 18 24 16 18 22 22 19 17 17
17 0 18 17 16 19 17 24 22 22 25
18 18 0 23 16 16 21 22 25 22 21
24 17 23 0 18 22 17 17 15 21 17
16 16 16 18 0 20 16 15 22 20 21
18 19 16 22 20 0 20 18 25 21 18
22 17 21 17 16 20 0 18 15 20 24
22 24 22 17 15 18 18 0 22 20 18
19 22 25 15 22 25 15 22 0 20 22
17 22 22 21 20 21 20 20 20 0 18
17 25 21 17 21 18 24 18 22 18 0
