9
5
31 29 25 21 12 18 14 22 11
0 18 23 20 22 17 22 22 20 16 15
18 0 24 16 23 25 22 20 22 25 25
23 24 0 23 24 22 19 20 16 18 24
20 16 23 0 19 22 17 23 25 21 20
22 23 24 19 0 17 17 16 22 23 20
17 25 22 22 17 0 25 24 22 19 15
22 22 19 17 17 25 0 15 18 16 25
22 20 20 23 16 24 15 0 24 19 20
20 22 16 25 22 22 18 24 0 15 19
16 25 18 21 23 19 16 19 15 0 23
15 25 24 20 20 15 25 20 19 23 0
