9
8
13 11 44 71 60 79 49 8
29 33 52 37 19 34 21 11
64 10 75 17 80 37 44 15
2 68 36 41 66 30 20 56
79 29 80 64 58 42 36 76
43 72 10 42 26 57 61 37
13 21 23 28 27 49 80 31
79 22 80 12 77 12 24 67
80 22 26 70 58 32 40 12
0 16 20 25 19 25 19 20 20 16 24
16 0 18 15 25 22 17 15 19 19 16
20 18 0 25 16 22 19 21 19 15 23
25 15 25 0 17 20 15 15 19 25 21
19 25 16 17 0 20 16 21 24 20 19
25 22 22 20 20 0 20 21 20 22 24
19 17 19 15 16 20 0 19 17 22 20
20 15 21 15 21 21 19 0 19 17 25
20 19 19 19 24 20 17 19 0 18 17
16 19 15 25 20 22 22 17 18 0 15
24 16 23 21 19 24 20 25 17 15 0
