9
16
80 39 71 11 25 81 79 47 105
0 23 19 15 20 15 22 20 15 22 23
23 0 20 19 21 23 18 16 19 16 22
19 20 0 15 24 18 20 19 16 19 16
15 19 15 0 17 19 23 23 20 21 15
20 21 24 17 0 16 16 25 17 17 15
15 23 18 19 16 0 18 24 23 18 25
22 18 20 23 16 18 0 17 20 23 25
20 16 19 23 25 24 17 0 25 19 20
15 19 16 20 17 23 20 25 0 23 25
22 16 19 21 17 18 23 19 23 0 23
23 22 16 15 15 25 25 20 25 23 0
