9
26
27 24 2 34 6 10 19 12 11 9 31 15 38 34 37 31 39 24 16 17 35 26 20 29 32 38
34 34 16 14 9 12 29 37 9 40 4 21 13 26 14 28 9 8 28 8 2 38 1 22 34 15
36 39 19 40 36 2 23 38 18 17 15 6 12 21 16 11 33 16 19 36 22 11 3 4 1 21
37 31 31 17 37 17 18 25 30 2 31 6 32 21 14 7 35 18 18 38 28 22 24 7 14 39
33 14 16 19 28 2 37 11 28 4 18 6 34 20 17 2 38 34 3 17 9 14 18 13 2 17
6 10 23 23 20 40 20 5 25 10 17 8 25 6 36 18 35 22 2 14 2 16 8 37 36 10
11 36 27 33 17 37 38 13 1 22 5 20 17 20 23 36 29 27 5 21 22 9 31 18 32 33
40 22 25 21 39 5 11 6 28 32 19 5 6 37 36 19 12 39 17 30 39 26 13 37 40 18
30 3 5 4 35 18 28 10 12 16 12 30 19 35 14 38 15 19 17 7 31 36 32 34 21 40
0 20 24 23 21 21 18 23 24 23 15
20 0 16 21 19 21 17 23 18 17 21
24 16 0 18 18 22 20 20 22 22 21
23 21 18 0 20 23 15 16 20 16 22
21 19 18 20 0 25 19 25 25 19 17
21 21 22 23 25 0 20 24 21 23 21
18 17 20 15 19 20 0 21 22 18 23
23 23 20 16 25 24 21 0 15 17 22
24 18 22 20 25 21 22 15 0 25 23
23 17 22 16 19 23 18 17 25 0 18
15 21 21 22 17 21 23 22 23 18 0
