9
4
28 32 21 8 2 17 32 8 31
0 20 15 23 24 18 21 19 22 21 15
20 0 23 15 22 24 23 20 24 18 19
15 23 0 21 18 19 18 22 18 21 15
23 15 21 0 20 20 16 22 22 22 25
24 22 18 20 0 16 21 18 20 17 19
18 24 19 20 16 0 15 19 22 16 15
21 23 18 16 21 15 0 19 22 22 21
19 20 22 22 18 19 19 0 19 24 19
22 24 18 22 20 22 22 19 0 19 20
21 18 21 22 17 16 22 24 19 0 21
15 19 15 25 19 15 21 19 20 21 0
