9
24
21 29 9 38 11 26 25 20 19 19 19 25 32 10 9 36 29 34 3 33 4 21 24 35
14 18 18 2 6 35 33 35 29 13 12 29 28 40 1 7 8 28 6 28 14 14 19 30
6 29 28 18 17 8 20 18 9 24 10 23 33 32 15 20 27 1 7 31 14 11 31 36
27 5 1 12 4 26 37 19 28 2 30 15 1 2 13 1 37 20 21 12 39 11 13 10
5 31 1 19 31 10 30 27 36 32 40 10 28 36 13 26 10 4 19 40 2 13 38 37
8 31 11 32 17 24 25 1 19 18 32 14 35 16 29 27 19 20 16 17 28 39 12 24
34 5 4 7 35 10 4 24 22 39 21 7 28 27 16 12 4 14 17 11 6 2 33 34
10 8 34 30 32 36 28 23 37 14 38 19 7 33 37 4 10 40 22 19 31 28 26 35
7 2 33 5 22 25 39 13 30 26 27 33 39 36 6 38 20 25 11 9 19 23 17 5
0 25 20 20 23 24 18 24 21 16 22
25 0 19 23 19 16 16 22 20 16 15
20 19 0 15 22 17 21 22 25 22 15
20 23 15 0 24 21 25 21 21 15 21
23 19 22 24 0 20 22 16 19 18 25
24 16 17 21 20 0 20 24 18 22 15
18 16 21 25 22 20 0 16 24 22 15
24 22 22 21 16 24 16 0 20 21 17
21 20 25 21 19 18 24 20 0 21 20
16 16 22 15 18 22 22 21 21 0 16
22 15 15 21 25 15 15 17 20 16 0
