9
6
39 102 80 62 59 90
129 160 91 98 107 48
136 48 138 135 82 73
69 82 36 125 127 102
37 150 11 101 62 138
48 39 61 136 60 37
158 137 76 71 114 19
34 136 132 37 109 126
81 122 105 145 122 78
0 25 17 20 20 22 18 24 20 20 18
25 0 17 17 17 19 15 23 19 21 18
17 17 0 19 25 16 24 21 15 18 19
20 17 19 0 20 16 25 22 23 17 20
20 17 25 20 0 15 18 19 18 23 16
22 19 16 16 15 0 22 23 23 20 24
18 15 24 25 18 22 0 23 18 16 20
24 23 21 22 19 23 23 0 24 15 22
20 19 15 23 18 23 18 24 0 24 20
20 21 18 17 23 20 16 15 24 0 20
18 18 19 20 16 24 20 22 20 20 0
