9
5
86 59 97 10 4 102 58 113 24
0 21 20 18 25 24 19 22 23 20 20
21 0 25 25 22 16 25 21 15 22 23
20 25 0 20 19 16 18 22 18 18 15
18 25 20 0 16 25 18 25 21 21 17
25 22 19 16 0 18 15 17 20 18 15
24 16 16 25 18 0 23 21 24 22 24
19 25 18 18 15 23 0 20 19 16 22
22 21 22 25 17 21 20 0 20 22 18
23 15 18 21 20 24 19 20 0 21 23
20 22 18 21 18 22 16 22 21 0 20
20 23 15 17 15 24 22 18 23 20 0
