9
7
6 115 24 30 48 28 78 70 80
0 17 20 18 24 24 15 16 17 15 16
17 0 24 17 16 22 17 18 24 23 20
20 24 0 23 22 18 24 19 18 16 24
18 17 23 0 24 24 18 19 19 21 17
24 16 22 24 0 20 22 20 20 22 24
24 22 18 24 20 0 24 16 20 22 22
15 17 24 18 22 24 0 24 16 22 17
16 18 19 19 20 16 24 0 21 17 16
17 24 18 19 20 20 16 21 0 17 19
15 23 16 21 22 22 22 17 17 0 25
16 20 24 17 24 22 17 16 19 25 0
