9
14
104 74 125 19 116 3 65 86 75 104 34 26 126 21
22 57 89 124 45 149 50 148 130 152 52 36 126 74
59 46 98 110 145 73 139 154 149 12 1 8 55 154
108 157 52 85 67 139 95 147 55 157 14 152 37 128
80 49 94 122 51 54 61 32 47 145 72 40 81 61
90 59 14 1 15 50 151 158 3 20 159 134 127 98
116 71 55 120 83 77 136 118 71 76 133 114 153 28
142 129 109 151 85 120 146 106 119 71 88 16 156 20
49 89 91 46 20 111 40 140 23 74 115 96 134 14
0 18 20 20 20 19 16 18 22 19 18
18 0 18 16 20 22 17 25 15 18 18
20 18 0 17 18 16 17 15 16 17 22
20 16 17 0 21 25 17 21 17 19 17
20 20 18 21 0 15 17 17 17 21 23
19 22 16 25 15 0 25 23 21 24 19
16 17 17 17 17 25 0 23 21 23 17
18 25 15 21 17 23 23 0 20 21 15
22 15 16 17 17 21 21 20 0 24 20
19 18 17 19 21 24 23 21 24 0 20
18 18 22 17 23 19 17 15 20 20 0
