9
7
28 26 76 32 28 70 72 75 59
0 21 19 16 17 21 19 18 15 24 23
21 0 23 15 20 16 22 25 16 22 19
19 23 0 24 17 22 16 23 20 21 19
16 15 24 0 24 20 16 18 24 23 22
17 20 17 24 0 19 24 15 20 17 20
21 16 22 20 19 0 23 18 22 24 25
19 22 16 16 24 23 0 18 16 16 19
18 25 23 18 15 18 18 0 24 19 25
15 16 20 24 20 22 16 24 0 19 18
24 22 21 23 17 24 16 19 19 0 16
23 19 19 22 20 25 19 25 18 16 0
