9
9
40 2 33 3 23 38 4 17 32
0 19 18 24 25 15 16 25 17 15 18
19 0 24 18 23 21 20 23 25 17 22
18 24 0 21 17 25 17 25 17 24 21
24 18 21 0 16 15 21 21 24 17 21
25 23 17 16 0 23 18 16 20 24 16
15 21 25 15 23 0 17 22 21 25 22
16 20 17 21 18 17 0 21 22 20 22
25 23 25 21 16 22 21 0 25 17 20
17 25 17 24 20 21 22 25 0 24 15
15 17 24 17 24 25 20 17 24 0 20
18 22 21 21 16 22 22 20 15 20 0
