9
14
11 34 39 31 17 28 33 23 36
0 15 24 22 19 16 22 19 18 22 15
15 0 23 20 17 20 19 17 21 21 21
24 23 0 16 24 16 16 25 20 25 22
22 20 16 0 24 18 20 25 23 25 22
19 17 24 24 0 25 20 16 24 20 18
16 20 16 18 25 0 23 22 18 17 18
22 19 16 20 20 23 0 24 19 18 19
19 17 25 25 16 22 24 0 16 17 17
18 21 20 23 24 18 19 16 0 24 23
22 21 25 25 20 17 18 17 24 0 25
15 21 22 22 18 18 19 17 23 25 0
