9
12
6 62 48 45 57 49 42 45 42 2 56 68
43 48 27 28 15 2 14 57 7 8 20 59
57 4 39 14 41 74 44 31 29 67 74 54
61 39 52 19 11 15 27 29 46 46 44 20
24 46 19 75 19 39 5 69 36 11 8 1
61 74 58 26 47 39 73 50 78 60 8 14
73 19 54 54 35 70 56 68 19 44 72 4
2 18 77 41 32 72 20 76 32 37 51 18
79 10 30 46 21 17 35 68 65 58 75 21
0 18 21 20 22 23 22 21 18 21 15
18 0 21 21 22 21 25 15 21 20 18
21 21 0 19 15 17 23 25 20 19 17
20 21 19 0 19 20 19 20 18 18 15
22 22 15 19 0 25 19 19 21 23 15
23 21 17 20 25 0 19 16 15 19 15
22 25 23 19 19 19 0 24 17 15 18
21 15 25 20 19 16 24 0 23 25 21
18 21 20 18 21 15 17 23 0 17 16
21 20 19 18 23 19 15 25 17 0 21
15 18 17 15 15 15 18 21 16 21 0
